7.12300, 0.0000000
7.12400, 1.5762909
7.12500, 1.5757298
7.12600, 1.5751690
7.12700, 1.5746084
7.12800, 1.5740481
7.12900, 1.5734881
7.13000, 1.5729283
7.13100, 1.5723688
7.13200, 1.5718096
7.13300, 1.5712506
7.13400, 1.5706919
7.13500, 1.5701334
7.13600, 1.5695752
7.13700, 1.5690173
7.13800, 1.5684597
7.13900, 1.5679023
7.14000, 1.5673452
7.14100, 1.5667883
7.14200, 1.5662317
7.14300, 1.5656754
7.14400, 1.5651193
7.14500, 1.5645635
7.14600, 1.5640079
7.14700, 1.5634527
7.14800, 1.5628976
7.14900, 1.5623429
7.15000, 1.5617884
7.15100, 1.5612341
7.15200, 1.5606802
7.15300, 1.5601265
7.15400, 1.5595730
7.15500, 1.5590198
7.15600, 1.5584669
7.15700, 1.5579142
7.15800, 1.5573618
7.15900, 1.5568097
7.16000, 1.5562578
7.16100, 1.5557062
7.16200, 1.5551548
7.16300, 1.5546037
7.16400, 1.5540529
7.16500, 1.5535023
7.16600, 1.5529519
7.16700, 1.5524019
7.16800, 1.5518521
7.16900, 1.5513025
7.17000, 1.5507532
7.17100, 1.5502042
7.17200, 1.5496555
7.17300, 1.5491069
7.17400, 1.5485587
7.17500, 1.5480107
7.17600, 1.5474630
7.17700, 1.5469155
7.17800, 1.5463683
7.17900, 1.5458213
7.18000, 1.5452746
7.18100, 1.5447282
7.18200, 1.5441820
7.18300, 1.5436360
7.18400, 1.5430904
7.18500, 1.5425449
7.18600, 1.5419998
7.18700, 1.5414549
7.18800, 1.5409102
7.18900, 1.5403658
7.19000, 1.5398217
7.19100, 1.5392778
7.19200, 1.5387342
7.19300, 1.5381908
7.19400, 1.5376477
7.19500, 1.5371048
7.19600, 1.5365622
7.19700, 1.5360199
7.19800, 1.5354778
7.19900, 1.5349360
7.20000, 1.5343944
7.20100, 1.5338530
7.20200, 1.5333120
7.20300, 1.5327712
7.20400, 1.5322306
7.20500, 1.5316903
7.20600, 1.5311502
7.20700, 1.5306104
7.20800, 1.5300709
7.20900, 1.5295316
7.21000, 1.5289925
7.21100, 1.5284537
7.21200, 1.5279152
7.21300, 1.5273769
7.21400, 1.5268388
7.21500, 1.5263011
7.21600, 1.5257635
7.21700, 1.5252263
7.21800, 1.5246892
7.21900, 1.5241525
7.22000, 1.5236159
7.22100, 1.5230797
7.22200, 1.5225436
7.22300, 1.5220079
7.22400, 1.5214723
7.22500, 1.5209371
7.22600, 1.5204021
7.22700, 1.5198673
7.22800, 1.5193328
7.22900, 1.5187985
7.23000, 1.5182645
7.23100, 1.5177307
7.23200, 1.5171972
7.23300, 1.5166639
7.23400, 1.5161309
7.23500, 1.5155982
7.23600, 1.5150656
7.23700, 1.5145334
7.23800, 1.5140014
7.23900, 1.5134696
7.24000, 1.5129381
7.24100, 1.5124068
7.24200, 1.5118758
7.24300, 1.5113450
7.24400, 1.5108144
7.24500, 1.5102842
7.24600, 1.5097541
7.24700, 1.5092243
7.24800, 1.5086948
7.24900, 1.5081655
7.25000, 1.5076365
7.25100, 1.5071077
7.25200, 1.5065791
7.25300, 1.5060508
7.25400, 1.5055228
7.25500, 1.5049950
7.25600, 1.5044674
7.25700, 1.5039401
7.25800, 1.5034130
7.25900, 1.5028862
7.26000, 1.5023596
7.26100, 1.5018333
7.26200, 1.5013072
7.26300, 1.5007813
7.26400, 1.5002557
7.26500, 1.4997304
7.26600, 1.4992053
7.26700, 1.4986804
7.26800, 1.4981558
7.26900, 1.4976314
7.27000, 1.4971073
7.27100, 1.4965834
7.27200, 1.4960598
7.27300, 1.4955364
7.27400, 1.4950132
7.27500, 1.4944903
7.27600, 1.4939676
7.27700, 1.4934452
7.27800, 1.4929230
7.27900, 1.4924011
7.28000, 1.4918794
7.28100, 1.4913580
7.28200, 1.4908368
7.28300, 1.4903158
7.28400, 1.4897951
7.28500, 1.4892746
7.28600, 1.4887543
7.28700, 1.4882344
7.28800, 1.4877146
7.28900, 1.4871951
7.29000, 1.4866758
7.29100, 1.4861568
7.29200, 1.4856380
7.29300, 1.4851194
7.29400, 1.4846011
7.29500, 1.4840831
7.29600, 1.4835652
7.29700, 1.4830477
7.29800, 1.4825303
7.29900, 1.4820132
7.30000, 1.4814964
7.30100, 1.4809797
7.30200, 1.4804633
7.30300, 1.4799472
7.30400, 1.4794313
7.30500, 1.4789156
7.30600, 1.4784002
7.30700, 1.4778850
7.30800, 1.4773701
7.30900, 1.4768554
7.31000, 1.4763409
7.31100, 1.4758267
7.31200, 1.4753127
7.31300, 1.4747989
7.31400, 1.4742854
7.31500, 1.4737721
7.31600, 1.4732591
7.31700, 1.4727463
7.31800, 1.4722337
7.31900, 1.4717214
7.32000, 1.4712093
7.32100, 1.4706974
7.32200, 1.4701858
7.32300, 1.4696745
7.32400, 1.4691633
7.32500, 1.4686524
7.32600, 1.4681417
7.32700, 1.4676313
7.32800, 1.4671211
7.32900, 1.4666112
7.33000, 1.4661014
7.33100, 1.4655919
7.33200, 1.4650827
7.33300, 1.4645737
7.33400, 1.4640649
7.33500, 1.4635563
7.33600, 1.4630480
7.33700, 1.4625400
7.33800, 1.4620321
7.33900, 1.4615245
7.34000, 1.4610171
7.34100, 1.4605100
7.34200, 1.4600031
7.34300, 1.4594964
7.34400, 1.4589900
7.34500, 1.4584838
7.34600, 1.4579778
7.34700, 1.4574721
7.34800, 1.4569666
7.34900, 1.4564614
7.35000, 1.4559563
7.35100, 1.4554515
7.35200, 1.4549470
7.35300, 1.4544426
7.35400, 1.4539385
7.35500, 1.4534347
7.35600, 1.4529310
7.35700, 1.4524276
7.35800, 1.4519245
7.35900, 1.4514215
7.36000, 1.4509188
7.36100, 1.4504163
7.36200, 1.4499141
7.36300, 1.4494121
7.36400, 1.4489103
7.36500, 1.4484088
7.36600, 1.4479074
7.36700, 1.4474064
7.36800, 1.4469055
7.36900, 1.4464049
7.37000, 1.4459045
7.37100, 1.4454043
7.37200, 1.4449044
7.37300, 1.4444047
7.37400, 1.4439052
7.37500, 1.4434060
7.37600, 1.4429070
7.37700, 1.4424082
7.37800, 1.4419096
7.37900, 1.4414113
7.38000, 1.4409132
7.38100, 1.4404154
7.38200, 1.4399177
7.38300, 1.4394203
7.38400, 1.4389231
7.38500, 1.4384262
7.38600, 1.4379295
7.38700, 1.4374330
7.38800, 1.4369367
7.38900, 1.4364407
7.39000, 1.4359449
7.39100, 1.4354493
7.39200, 1.4349539
7.39300, 1.4344588
7.39400, 1.4339639
7.39500, 1.4334692
7.39600, 1.4329748
7.39700, 1.4324806
7.39800, 1.4319866
7.39900, 1.4314928
7.40000, 1.4309993
7.40100, 1.4305060
7.40200, 1.4300129
7.40300, 1.4295201
7.40400, 1.4290274
7.40500, 1.4285350
7.40600, 1.4280428
7.40700, 1.4275509
7.40800, 1.4270592
7.40900, 1.4265677
7.41000, 1.4260764
7.41100, 1.4255853
7.41200, 1.4250945
7.41300, 1.4246039
7.41400, 1.4241135
7.41500, 1.4236234
7.41600, 1.4231335
7.41700, 1.4226438
7.41800, 1.4221543
7.41900, 1.4216650
7.42000, 1.4211760
7.42100, 1.4206872
7.42200, 1.4201986
7.42300, 1.4197103
7.42400, 1.4192221
7.42500, 1.4187342
7.42600, 1.4182465
7.42700, 1.4177591
7.42800, 1.4172718
7.42900, 1.4167848
7.43000, 1.4162980
7.43100, 1.4158115
7.43200, 1.4153251
7.43300, 1.4148390
7.43400, 1.4143531
7.43500, 1.4138674
7.43600, 1.4133820
7.43700, 1.4128967
7.43800, 1.4124117
7.43900, 1.4119269
7.44000, 1.4114423
7.44100, 1.4109580
7.44200, 1.4104739
7.44300, 1.4099899
7.44400, 1.4095063
7.44500, 1.4090228
7.44600, 1.4085395
7.44700, 1.4080565
7.44800, 1.4075737
7.44900, 1.4070911
7.45000, 1.4066088
7.45100, 1.4061266
7.45200, 1.4056447
7.45300, 1.4051630
7.45400, 1.4046815
7.45500, 1.4042003
7.45600, 1.4037192
7.45700, 1.4032384
7.45800, 1.4027578
7.45900, 1.4022774
7.46000, 1.4017972
7.46100, 1.4013173
7.46200, 1.4008376
7.46300, 1.4003581
7.46400, 1.3998788
7.46500, 1.3993997
7.46600, 1.3989208
7.46700, 1.3984422
7.46800, 1.3979638
7.46900, 1.3974856
7.47000, 1.3970076
7.47100, 1.3965298
7.47200, 1.3960523
7.47300, 1.3955750
7.47400, 1.3950978
7.47500, 1.3946209
7.47600, 1.3941443
7.47700, 1.3936678
7.47800, 1.3931916
7.47900, 1.3927155
7.48000, 1.3922397
7.48100, 1.3917641
7.48200, 1.3912888
7.48300, 1.3908136
7.48400, 1.3903386
7.48500, 1.3898639
7.48600, 1.3893894
7.48700, 1.3889151
7.48800, 1.3884410
7.48900, 1.3879672
7.49000, 1.3874935
7.49100, 1.3870201
7.49200, 1.3865468
7.49300, 1.3860738
7.49400, 1.3856010
7.49500, 1.3851285
7.49600, 1.3846561
7.49700, 1.3841840
7.49800, 1.3837120
7.49900, 1.3832403
7.50000, 1.3827688
7.50100, 1.3822975
7.50200, 1.3818264
7.50300, 1.3813556
7.50400, 1.3808849
7.50500, 1.3804145
7.50600, 1.3799443
7.50700, 1.3794743
7.50800, 1.3790045
7.50900, 1.3785349
7.51000, 1.3780655
7.51100, 1.3775963
7.51200, 1.3771274
7.51300, 1.3766587
7.51400, 1.3761902
7.51500, 1.3757218
7.51600, 1.3752538
7.51700, 1.3747859
7.51800, 1.3743182
7.51900, 1.3738507
7.52000, 1.3733835
7.52100, 1.3729165
7.52200, 1.3724496
7.52300, 1.3719830
7.52400, 1.3715166
7.52500, 1.3710504
7.52600, 1.3705845
7.52700, 1.3701187
7.52800, 1.3696531
7.52900, 1.3691878
7.53000, 1.3687226
7.53100, 1.3682577
7.53200, 1.3677930
7.53300, 1.3673285
7.53400, 1.3668642
7.53500, 1.3664001
7.53600, 1.3659362
7.53700, 1.3654726
7.53800, 1.3650091
7.53900, 1.3645459
7.54000, 1.3640828
7.54100, 1.3636200
7.54200, 1.3631574
7.54300, 1.3626950
7.54400, 1.3622328
7.54500, 1.3617708
7.54600, 1.3613090
7.54700, 1.3608474
7.54800, 1.3603861
7.54900, 1.3599249
7.55000, 1.3594640
7.55100, 1.3590032
7.55200, 1.3585427
7.55300, 1.3580824
7.55400, 1.3576222
7.55500, 1.3571623
7.55600, 1.3567026
7.55700, 1.3562431
7.55800, 1.3557838
7.55900, 1.3553248
7.56000, 1.3548659
7.56100, 1.3544072
7.56200, 1.3539488
7.56300, 1.3534905
7.56400, 1.3530325
7.56500, 1.3525746
7.56600, 1.3521170
7.56700, 1.3516596
7.56800, 1.3512023
7.56900, 1.3507453
7.57000, 1.3502885
7.57100, 1.3498319
7.57200, 1.3493755
7.57300, 1.3489193
7.57400, 1.3484633
7.57500, 1.3480075
7.57600, 1.3475520
7.57700, 1.3470966
7.57800, 1.3466414
7.57900, 1.3461865
7.58000, 1.3457317
7.58100, 1.3452771
7.58200, 1.3448228
7.58300, 1.3443686
7.58400, 1.3439147
7.58500, 1.3434610
7.58600, 1.3430074
7.58700, 1.3425541
7.58800, 1.3421010
7.58900, 1.3416481
7.59000, 1.3411953
7.59100, 1.3407428
7.59200, 1.3402905
7.59300, 1.3398384
7.59400, 1.3393865
7.59500, 1.3389348
7.59600, 1.3384833
7.59700, 1.3380320
7.59800, 1.3375809
7.59900, 1.3371300
7.60000, 1.3366793
7.60100, 1.3362289
7.60200, 1.3357786
7.60300, 1.3353285
7.60400, 1.3348786
7.60500, 1.3344289
7.60600, 1.3339795
7.60700, 1.3335302
7.60800, 1.3330811
7.60900, 1.3326322
7.61000, 1.3321836
7.61100, 1.3317351
7.61200, 1.3312868
7.61300, 1.3308388
7.61400, 1.3303909
7.61500, 1.3299432
7.61600, 1.3294958
7.61700, 1.3290485
7.61800, 1.3286014
7.61900, 1.3281546
7.62000, 1.3277079
7.62100, 1.3272614
7.62200, 1.3268152
7.62300, 1.3263691
7.62400, 1.3259233
7.62500, 1.3254776
7.62600, 1.3250321
7.62700, 1.3245869
7.62800, 1.3241418
7.62900, 1.3236969
7.63000, 1.3232523
7.63100, 1.3228078
7.63200, 1.3223635
7.63300, 1.3219195
7.63400, 1.3214756
7.63500, 1.3210319
7.63600, 1.3205884
7.63700, 1.3201452
7.63800, 1.3197021
7.63900, 1.3192592
7.64000, 1.3188165
7.64100, 1.3183740
7.64200, 1.3179317
7.64300, 1.3174896
7.64400, 1.3170478
7.64500, 1.3166061
7.64600, 1.3161646
7.64700, 1.3157233
7.64800, 1.3152822
7.64900, 1.3148412
7.65000, 1.3144005
7.65100, 1.3139600
7.65200, 1.3135197
7.65300, 1.3130796
7.65400, 1.3126397
7.65500, 1.3121999
7.65600, 1.3117604
7.65700, 1.3113211
7.65800, 1.3108819
7.65900, 1.3104430
7.66000, 1.3100042
7.66100, 1.3095657
7.66200, 1.3091273
7.66300, 1.3086892
7.66400, 1.3082512
7.66500, 1.3078134
7.66600, 1.3073759
7.66700, 1.3069385
7.66800, 1.3065013
7.66900, 1.3060643
7.67000, 1.3056275
7.67100, 1.3051909
7.67200, 1.3047545
7.67300, 1.3043183
7.67400, 1.3038823
7.67500, 1.3034464
7.67600, 1.3030108
7.67700, 1.3025754
7.67800, 1.3021401
7.67900, 1.3017051
7.68000, 1.3012702
7.68100, 1.3008356
7.68200, 1.3004011
7.68300, 1.2999668
7.68400, 1.2995327
7.68500, 1.2990989
7.68600, 1.2986652
7.68700, 1.2982317
7.68800, 1.2977983
7.68900, 1.2973652
7.69000, 1.2969323
7.69100, 1.2964996
7.69200, 1.2960670
7.69300, 1.2956347
7.69400, 1.2952025
7.69500, 1.2947706
7.69600, 1.2943388
7.69700, 1.2939072
7.69800, 1.2934758
7.69900, 1.2930446
7.70000, 1.2926136
7.70100, 1.2921828
7.70200, 1.2917522
7.70300, 1.2913217
7.70400, 1.2908915
7.70500, 1.2904615
7.70600, 1.2900316
7.70700, 1.2896019
7.70800, 1.2891724
7.70900, 1.2887432
7.71000, 1.2883141
7.71100, 1.2878852
7.71200, 1.2874564
7.71300, 1.2870279
7.71400, 1.2865996
7.71500, 1.2861714
7.71600, 1.2857435
7.71700, 1.2853157
7.71800, 1.2848881
7.71900, 1.2844607
7.72000, 1.2840335
7.72100, 1.2836065
7.72200, 1.2831797
7.72300, 1.2827531
7.72400, 1.2823266
7.72500, 1.2819004
7.72600, 1.2814743
7.72700, 1.2810484
7.72800, 1.2806227
7.72900, 1.2801972
7.73000, 1.2797719
7.73100, 1.2793468
7.73200, 1.2789219
7.73300, 1.2784971
7.73400, 1.2780726
7.73500, 1.2776482
7.73600, 1.2772240
7.73700, 1.2768000
7.73800, 1.2763762
7.73900, 1.2759526
7.74000, 1.2755292
7.74100, 1.2751059
7.74200, 1.2746828
7.74300, 1.2742600
7.74400, 1.2738373
7.74500, 1.2734148
7.74600, 1.2729925
7.74700, 1.2725703
7.74800, 1.2721484
7.74900, 1.2717267
7.75000, 1.2713051
7.75100, 1.2708837
7.75200, 1.2704625
7.75300, 1.2700415
7.75400, 1.2696207
7.75500, 1.2692000
7.75600, 1.2687796
7.75700, 1.2683593
7.75800, 1.2679392
7.75900, 1.2675193
7.76000, 1.2670996
7.76100, 1.2666801
7.76200, 1.2662608
7.76300, 1.2658416
7.76400, 1.2654226
7.76500, 1.2650039
7.76600, 1.2645853
7.76700, 1.2641668
7.76800, 1.2637486
7.76900, 1.2633306
7.77000, 1.2629127
7.77100, 1.2624950
7.77200, 1.2620775
7.77300, 1.2616602
7.77400, 1.2612431
7.77500, 1.2608261
7.77600, 1.2604094
7.77700, 1.2599928
7.77800, 1.2595764
7.77900, 1.2591602
7.78000, 1.2587442
7.78100, 1.2583283
7.78200, 1.2579127
7.78300, 1.2574972
7.78400, 1.2570819
7.78500, 1.2566668
7.78600, 1.2562518
7.78700, 1.2558371
7.78800, 1.2554225
7.78900, 1.2550081
7.79000, 1.2545939
7.79100, 1.2541799
7.79200, 1.2537661
7.79300, 1.2533524
7.79400, 1.2529390
7.79500, 1.2525257
7.79600, 1.2521126
7.79700, 1.2516996
7.79800, 1.2512869
7.79900, 1.2508743
7.80000, 1.2504619
7.80100, 1.2500497
7.80200, 1.2496377
7.80300, 1.2492259
7.80400, 1.2488142
7.80500, 1.2484027
7.80600, 1.2479914
7.80700, 1.2475803
7.80800, 1.2471694
7.80900, 1.2467586
7.81000, 1.2463480
7.81100, 1.2459376
7.81200, 1.2455274
7.81300, 1.2451174
7.81400, 1.2447075
7.81500, 1.2442978
7.81600, 1.2438883
7.81700, 1.2434790
7.81800, 1.2430699
7.81900, 1.2426609
7.82000, 1.2422521
7.82100, 1.2418435
7.82200, 1.2414351
7.82300, 1.2410268
7.82400, 1.2406188
7.82500, 1.2402109
7.82600, 1.2398032
7.82700, 1.2393956
7.82800, 1.2389883
7.82900, 1.2385811
7.83000, 1.2381741
7.83100, 1.2377673
7.83200, 1.2373607
7.83300, 1.2369542
7.83400, 1.2365479
7.83500, 1.2361418
7.83600, 1.2357359
7.83700, 1.2353301
7.83800, 1.2349246
7.83900, 1.2345192
7.84000, 1.2341140
7.84100, 1.2337089
7.84200, 1.2333040
7.84300, 1.2328994
7.84400, 1.2324949
7.84500, 1.2320905
7.84600, 1.2316864
7.84700, 1.2312824
7.84800, 1.2308786
7.84900, 1.2304749
7.85000, 1.2300715
7.85100, 1.2296682
7.85200, 1.2292651
7.85300, 1.2288622
7.85400, 1.2284595
7.85500, 1.2280569
7.85600, 1.2276545
7.85700, 1.2272523
7.85800, 1.2268502
7.85900, 1.2264484
7.86000, 1.2260467
7.86100, 1.2256451
7.86200, 1.2252438
7.86300, 1.2248426
7.86400, 1.2244416
7.86500, 1.2240408
7.86600, 1.2236402
7.86700, 1.2232397
7.86800, 1.2228394
7.86900, 1.2224393
7.87000, 1.2220393
7.87100, 1.2216396
7.87200, 1.2212400
7.87300, 1.2208406
7.87400, 1.2204413
7.87500, 1.2200422
7.87600, 1.2196433
7.87700, 1.2192446
7.87800, 1.2188460
7.87900, 1.2184477
7.88000, 1.2180495
7.88100, 1.2176514
7.88200, 1.2172536
7.88300, 1.2168559
7.88400, 1.2164584
7.88500, 1.2160610
7.88600, 1.2156639
7.88700, 1.2152669
7.88800, 1.2148700
7.88900, 1.2144734
7.89000, 1.2140769
7.89100, 1.2136806
7.89200, 1.2132845
7.89300, 1.2128885
7.89400, 1.2124927
7.89500, 1.2120971
7.89600, 1.2117017
7.89700, 1.2113064
7.89800, 1.2109113
7.89900, 1.2105164
7.90000, 1.2101216
7.90100, 1.2097270
7.90200, 1.2093326
7.90300, 1.2089384
7.90400, 1.2085443
7.90500, 1.2081504
7.90600, 1.2077567
7.90700, 1.2073631
7.90800, 1.2069697
7.90900, 1.2065765
7.91000, 1.2061834
7.91100, 1.2057906
7.91200, 1.2053979
7.91300, 1.2050053
7.91400, 1.2046130
7.91500, 1.2042208
7.91600, 1.2038287
7.91700, 1.2034369
7.91800, 1.2030452
7.91900, 1.2026537
7.92000, 1.2022623
7.92100, 1.2018712
7.92200, 1.2014801
7.92300, 1.2010893
7.92400, 1.2006986
7.92500, 1.2003081
7.92600, 1.1999178
7.92700, 1.1995277
7.92800, 1.1991377
7.92900, 1.1987478
7.93000, 1.1983582
7.93100, 1.1979687
7.93200, 1.1975794
7.93300, 1.1971902
7.93400, 1.1968013
7.93500, 1.1964124
7.93600, 1.1960238
7.93700, 1.1956353
7.93800, 1.1952470
7.93900, 1.1948589
7.94000, 1.1944709
7.94100, 1.1940831
7.94200, 1.1936955
7.94300, 1.1933080
7.94400, 1.1929207
7.94500, 1.1925336
7.94600, 1.1921466
7.94700, 1.1917598
7.94800, 1.1913732
7.94900, 1.1909867
7.95000, 1.1906004
7.95100, 1.1902143
7.95200, 1.1898283
7.95300, 1.1894425
7.95400, 1.1890569
7.95500, 1.1886714
7.95600, 1.1882861
7.95700, 1.1879010
7.95800, 1.1875160
7.95900, 1.1871312
7.96000, 1.1867466
7.96100, 1.1863621
7.96200, 1.1859778
7.96300, 1.1855937
7.96400, 1.1852097
7.96500, 1.1848259
7.96600, 1.1844423
7.96700, 1.1840588
7.96800, 1.1836755
7.96900, 1.1832924
7.97000, 1.1829094
7.97100, 1.1825266
7.97200, 1.1821440
7.97300, 1.1817615
7.97400, 1.1813792
7.97500, 1.1809970
7.97600, 1.1806150
7.97700, 1.1802332
7.97800, 1.1798515
7.97900, 1.1794700
7.98000, 1.1790887
7.98100, 1.1787076
7.98200, 1.1783266
7.98300, 1.1779457
7.98400, 1.1775650
7.98500, 1.1771845
7.98600, 1.1768042
7.98700, 1.1764240
7.98800, 1.1760440
7.98900, 1.1756641
7.99000, 1.1752844
7.99100, 1.1749049
7.99200, 1.1745256
7.99300, 1.1741464
7.99400, 1.1737673
7.99500, 1.1733884
7.99600, 1.1730097
7.99700, 1.1726312
7.99800, 1.1722528
7.99900, 1.1718746
8.00000, 1.1714965
8.00100, 1.1711186
8.00200, 1.1707409
8.00300, 1.1703633
8.00400, 1.1699859
8.00500, 1.1696086
8.00600, 1.1692316
8.00700, 1.1688546
8.00800, 1.1684779
8.00900, 1.1681013
8.01000, 1.1677248
8.01100, 1.1673485
8.01200, 1.1669724
8.01300, 1.1665965
8.01400, 1.1662207
8.01500, 1.1658450
8.01600, 1.1654696
8.01700, 1.1650943
8.01800, 1.1647191
8.01900, 1.1643441
8.02000, 1.1639693
8.02100, 1.1635946
8.02200, 1.1632201
8.02300, 1.1628458
8.02400, 1.1624716
8.02500, 1.1620976
8.02600, 1.1617237
8.02700, 1.1613500
8.02800, 1.1609764
8.02900, 1.1606031
8.03000, 1.1602298
8.03100, 1.1598568
8.03200, 1.1594839
8.03300, 1.1591111
8.03400, 1.1587385
8.03500, 1.1583661
8.03600, 1.1579938
8.03700, 1.1576217
8.03800, 1.1572498
8.03900, 1.1568780
8.04000, 1.1565064
8.04100, 1.1561349
8.04200, 1.1557636
8.04300, 1.1553924
8.04400, 1.1550214
8.04500, 1.1546506
8.04600, 1.1542799
8.04700, 1.1539094
8.04800, 1.1535390
8.04900, 1.1531688
8.05000, 1.1527988
8.05100, 1.1524289
8.05200, 1.1520592
8.05300, 1.1516896
8.05400, 1.1513202
8.05500, 1.1509509
8.05600, 1.1505818
8.05700, 1.1502129
8.05800, 1.1498441
8.05900, 1.1494755
8.06000, 1.1491070
8.06100, 1.1487387
8.06200, 1.1483706
8.06300, 1.1480026
8.06400, 1.1476348
8.06500, 1.1472671
8.06600, 1.1468995
8.06700, 1.1465322
8.06800, 1.1461650
8.06900, 1.1457979
8.07000, 1.1454310
8.07100, 1.1450643
8.07200, 1.1446977
8.07300, 1.1443313
8.07400, 1.1439650
8.07500, 1.1435989
8.07600, 1.1432329
8.07700, 1.1428671
8.07800, 1.1425015
8.07900, 1.1421360
8.08000, 1.1417707
8.08100, 1.1414055
8.08200, 1.1410405
8.08300, 1.1406756
8.08400, 1.1403109
8.08500, 1.1399463
8.08600, 1.1395819
8.08700, 1.1392177
8.08800, 1.1388536
8.08900, 1.1384896
8.09000, 1.1381259
8.09100, 1.1377622
8.09200, 1.1373988
8.09300, 1.1370354
8.09400, 1.1366723
8.09500, 1.1363093
8.09600, 1.1359464
8.09700, 1.1355837
8.09800, 1.1352212
8.09900, 1.1348588
8.10000, 1.1344965
8.10100, 1.1341345
8.10200, 1.1337725
8.10300, 1.1334108
8.10400, 1.1330491
8.10500, 1.1326877
8.10600, 1.1323263
8.10700, 1.1319652
8.10800, 1.1316042
8.10900, 1.1312433
8.11000, 1.1308826
8.11100, 1.1305221
8.11200, 1.1301617
8.11300, 1.1298014
8.11400, 1.1294414
8.11500, 1.1290814
8.11600, 1.1287216
8.11700, 1.1283620
8.11800, 1.1280025
8.11900, 1.1276432
8.12000, 1.1272840
8.12100, 1.1269250
8.12200, 1.1265661
8.12300, 1.1262074
8.12400, 1.1258489
8.12500, 1.1254905
8.12600, 1.1251322
8.12700, 1.1247741
8.12800, 1.1244161
8.12900, 1.1240583
8.13000, 1.1237007
8.13100, 1.1233432
8.13200, 1.1229858
8.13300, 1.1226286
8.13400, 1.1222716
8.13500, 1.1219147
8.13600, 1.1215579
8.13700, 1.1212014
8.13800, 1.1208449
8.13900, 1.1204886
8.14000, 1.1201325
8.14100, 1.1197765
8.14200, 1.1194207
8.14300, 1.1190650
8.14400, 1.1187094
8.14500, 1.1183540
8.14600, 1.1179988
8.14700, 1.1176437
8.14800, 1.1172888
8.14900, 1.1169340
8.15000, 1.1165794
8.15100, 1.1162249
8.15200, 1.1158705
8.15300, 1.1155164
8.15400, 1.1151623
8.15500, 1.1148084
8.15600, 1.1144547
8.15700, 1.1141011
8.15800, 1.1137477
8.15900, 1.1133944
8.16000, 1.1130413
8.16100, 1.1126883
8.16200, 1.1123354
8.16300, 1.1119827
8.16400, 1.1116302
8.16500, 1.1112778
8.16600, 1.1109255
8.16700, 1.1105735
8.16800, 1.1102215
8.16900, 1.1098697
8.17000, 1.1095181
8.17100, 1.1091666
8.17200, 1.1088152
8.17300, 1.1084640
8.17400, 1.1081129
8.17500, 1.1077620
8.17600, 1.1074113
8.17700, 1.1070607
8.17800, 1.1067102
8.17900, 1.1063599
8.18000, 1.1060097
8.18100, 1.1056597
8.18200, 1.1053098
8.18300, 1.1049601
8.18400, 1.1046105
8.18500, 1.1042611
8.18600, 1.1039118
8.18700, 1.1035626
8.18800, 1.1032136
8.18900, 1.1028648
8.19000, 1.1025161
8.19100, 1.1021676
8.19200, 1.1018192
8.19300, 1.1014709
8.19400, 1.1011228
8.19500, 1.1007748
8.19600, 1.1004270
8.19700, 1.1000793
8.19800, 1.0997318
8.19900, 1.0993844
8.20000, 1.0990372
8.20100, 1.0986901
8.20200, 1.0983432
8.20300, 1.0979964
8.20400, 1.0976497
8.20500, 1.0973032
8.20600, 1.0969569
8.20700, 1.0966107
8.20800, 1.0962646
8.20900, 1.0959187
8.21000, 1.0955729
8.21100, 1.0952273
8.21200, 1.0948818
8.21300, 1.0945365
8.21400, 1.0941913
8.21500, 1.0938462
8.21600, 1.0935013
8.21700, 1.0931566
8.21800, 1.0928119
8.21900, 1.0924675
8.22000, 1.0921231
8.22100, 1.0917790
8.22200, 1.0914349
8.22300, 1.0910910
8.22400, 1.0907473
8.22500, 1.0904037
8.22600, 1.0900602
8.22700, 1.0897169
8.22800, 1.0893738
8.22900, 1.0890307
8.23000, 1.0886878
8.23100, 1.0883451
8.23200, 1.0880025
8.23300, 1.0876601
8.23400, 1.0873178
8.23500, 1.0869756
8.23600, 1.0866336
8.23700, 1.0862917
8.23800, 1.0859500
8.23900, 1.0856084
8.24000, 1.0852669
8.24100, 1.0849256
8.24200, 1.0845845
8.24300, 1.0842434
8.24400, 1.0839026
8.24500, 1.0835618
8.24600, 1.0832212
8.24700, 1.0828808
8.24800, 1.0825405
8.24900, 1.0822003
8.25000, 1.0818603
8.25100, 1.0815204
8.25200, 1.0811807
8.25300, 1.0808411
8.25400, 1.0805016
8.25500, 1.0801623
8.25600, 1.0798232
8.25700, 1.0794841
8.25800, 1.0791453
8.25900, 1.0788065
8.26000, 1.0784679
8.26100, 1.0781295
8.26200, 1.0777911
8.26300, 1.0774530
8.26400, 1.0771149
8.26500, 1.0767770
8.26600, 1.0764393
8.26700, 1.0761017
8.26800, 1.0757642
8.26900, 1.0754269
8.27000, 1.0750897
8.27100, 1.0747526
8.27200, 1.0744157
8.27300, 1.0740790
8.27400, 1.0737423
8.27500, 1.0734059
8.27600, 1.0730695
8.27700, 1.0727333
8.27800, 1.0723972
8.27900, 1.0720613
8.28000, 1.0717255
8.28100, 1.0713899
8.28200, 1.0710544
8.28300, 1.0707190
8.28400, 1.0703838
8.28500, 1.0700487
8.28600, 1.0697138
8.28700, 1.0693790
8.28800, 1.0690443
8.28900, 1.0687098
8.29000, 1.0683754
8.29100, 1.0680412
8.29200, 1.0677071
8.29300, 1.0673731
8.29400, 1.0670393
8.29500, 1.0667056
8.29600, 1.0663720
8.29700, 1.0660386
8.29800, 1.0657053
8.29900, 1.0653722
8.30000, 1.0650392
8.30100, 1.0647064
8.30200, 1.0643736
8.30300, 1.0640411
8.30400, 1.0637086
8.30500, 1.0633763
8.30600, 1.0630441
8.30700, 1.0627121
8.30800, 1.0623802
8.30900, 1.0620485
8.31000, 1.0617169
8.31100, 1.0613854
8.31200, 1.0610541
8.31300, 1.0607229
8.31400, 1.0603918
8.31500, 1.0600609
8.31600, 1.0597301
8.31700, 1.0593995
8.31800, 1.0590689
8.31900, 1.0587386
8.32000, 1.0584083
8.32100, 1.0580782
8.32200, 1.0577483
8.32300, 1.0574185
8.32400, 1.0570888
8.32500, 1.0567592
8.32600, 1.0564298
8.32700, 1.0561005
8.32800, 1.0557714
8.32900, 1.0554424
8.33000, 1.0551135
8.33100, 1.0547848
8.33200, 1.0544562
8.33300, 1.0541277
8.33400, 1.0537994
8.33500, 1.0534712
8.33600, 1.0531432
8.33700, 1.0528153
8.33800, 1.0524875
8.33900, 1.0521599
8.34000, 1.0518324
8.34100, 1.0515050
8.34200, 1.0511778
8.34300, 1.0508507
8.34400, 1.0505237
8.34500, 1.0501969
8.34600, 1.0498702
8.34700, 1.0495436
8.34800, 1.0492172
8.34900, 1.0488909
8.35000, 1.0485648
8.35100, 1.0482388
8.35200, 1.0479129
8.35300, 1.0475871
8.35400, 1.0472615
8.35500, 1.0469360
8.35600, 1.0466107
8.35700, 1.0462855
8.35800, 1.0459604
8.35900, 1.0456355
8.36000, 1.0453107
8.36100, 1.0449860
8.36200, 1.0446615
8.36300, 1.0443371
8.36400, 1.0440128
8.36500, 1.0436887
8.36600, 1.0433647
8.36700, 1.0430408
8.36800, 1.0427171
8.36900, 1.0423935
8.37000, 1.0420701
8.37100, 1.0417467
8.37200, 1.0414235
8.37300, 1.0411005
8.37400, 1.0407775
8.37500, 1.0404548
8.37600, 1.0401321
8.37700, 1.0398096
8.37800, 1.0394872
8.37900, 1.0391649
8.38000, 1.0388428
8.38100, 1.0385208
8.38200, 1.0381989
8.38300, 1.0378772
8.38400, 1.0375556
8.38500, 1.0372341
8.38600, 1.0369128
8.38700, 1.0365916
8.38800, 1.0362706
8.38900, 1.0359496
8.39000, 1.0356288
8.39100, 1.0353082
8.39200, 1.0349876
8.39300, 1.0346672
8.39400, 1.0343470
8.39500, 1.0340268
8.39600, 1.0337068
8.39700, 1.0333869
8.39800, 1.0330672
8.39900, 1.0327476
8.40000, 1.0324281
8.40100, 1.0321087
8.40200, 1.0317895
8.40300, 1.0314704
8.40400, 1.0311515
8.40500, 1.0308327
8.40600, 1.0305140
8.40700, 1.0301954
8.40800, 1.0298770
8.40900, 1.0295587
8.41000, 1.0292405
8.41100, 1.0289225
8.41200, 1.0286046
8.41300, 1.0282868
8.41400, 1.0279692
8.41500, 1.0276517
8.41600, 1.0273343
8.41700, 1.0270170
8.41800, 1.0266999
8.41900, 1.0263829
8.42000, 1.0260661
8.42100, 1.0257493
8.42200, 1.0254327
8.42300, 1.0251163
8.42400, 1.0247999
8.42500, 1.0244837
8.42600, 1.0241677
8.42700, 1.0238517
8.42800, 1.0235359
8.42900, 1.0232202
8.43000, 1.0229046
8.43100, 1.0225892
8.43200, 1.0222739
8.43300, 1.0219587
8.43400, 1.0216437
8.43500, 1.0213288
8.43600, 1.0210140
8.43700, 1.0206994
8.43800, 1.0203848
8.43900, 1.0200704
8.44000, 1.0197562
8.44100, 1.0194420
8.44200, 1.0191280
8.44300, 1.0188141
8.44400, 1.0185004
8.44500, 1.0181868
8.44600, 1.0178733
8.44700, 1.0175599
8.44800, 1.0172467
8.44900, 1.0169336
8.45000, 1.0166206
8.45100, 1.0163077
8.45200, 1.0159950
8.45300, 1.0156824
8.45400, 1.0153700
8.45500, 1.0150576
8.45600, 1.0147454
8.45700, 1.0144333
8.45800, 1.0141214
8.45900, 1.0138096
8.46000, 1.0134979
8.46100, 1.0131863
8.46200, 1.0128748
8.46300, 1.0125635
8.46400, 1.0122523
8.46500, 1.0119413
8.46600, 1.0116303
8.46700, 1.0113195
8.46800, 1.0110089
8.46900, 1.0106983
8.47000, 1.0103879
8.47100, 1.0100776
8.47200, 1.0097674
8.47300, 1.0094574
8.47400, 1.0091475
8.47500, 1.0088377
8.47600, 1.0085280
8.47700, 1.0082185
8.47800, 1.0079091
8.47900, 1.0075998
8.48000, 1.0072906
8.48100, 1.0069816
8.48200, 1.0066727
8.48300, 1.0063639
8.48400, 1.0060552
8.48500, 1.0057467
8.48600, 1.0054383
8.48700, 1.0051300
8.48800, 1.0048219
8.48900, 1.0045139
8.49000, 1.0042060
8.49100, 1.0038982
8.49200, 1.0035906
8.49300, 1.0032830
8.49400, 1.0029756
8.49500, 1.0026684
8.49600, 1.0023612
8.49700, 1.0020542
8.49800, 1.0017473
8.49900, 1.0014406
8.50000, 1.0011339
8.50100, 1.0008274
8.50200, 1.0005210
8.50300, 1.0002147
8.50400, 0.99990860
8.50500, 0.99960258
8.50600, 0.99929669
8.50700, 0.99899092
8.50800, 0.99868528
8.50900, 0.99837976
8.51000, 0.99807436
8.51100, 0.99776909
8.51200, 0.99746395
8.51300, 0.99715893
8.51400, 0.99685403
8.51500, 0.99654926
8.51600, 0.99624461
8.51700, 0.99594008
8.51800, 0.99563568
8.51900, 0.99533141
8.52000, 0.99502725
8.52100, 0.99472323
8.52200, 0.99441932
8.52300, 0.99411554
8.52400, 0.99381188
8.52500, 0.99350835
8.52600, 0.99320494
8.52700, 0.99290165
8.52800, 0.99259849
8.52900, 0.99229544
8.53000, 0.99199253
8.53100, 0.99168973
8.53200, 0.99138706
8.53300, 0.99108451
8.53400, 0.99078209
8.53500, 0.99047979
8.53600, 0.99017761
8.53700, 0.98987555
8.53800, 0.98957362
8.53900, 0.98927181
8.54000, 0.98897012
8.54100, 0.98866855
8.54200, 0.98836711
8.54300, 0.98806579
8.54400, 0.98776459
8.54500, 0.98746351
8.54600, 0.98716256
8.54700, 0.98686173
8.54800, 0.98656102
8.54900, 0.98626043
8.55000, 0.98595997
8.55100, 0.98565962
8.55200, 0.98535940
8.55300, 0.98505930
8.55400, 0.98475932
8.55500, 0.98445947
8.55600, 0.98415973
8.55700, 0.98386012
8.55800, 0.98356063
8.55900, 0.98326126
8.56000, 0.98296201
8.56100, 0.98266288
8.56200, 0.98236388
8.56300, 0.98206499
8.56400, 0.98176623
8.56500, 0.98146758
8.56600, 0.98116906
8.56700, 0.98087066
8.56800, 0.98057238
8.56900, 0.98027422
8.57000, 0.97997618
8.57100, 0.97967827
8.57200, 0.97938047
8.57300, 0.97908279
8.57400, 0.97878524
8.57500, 0.97848780
8.57600, 0.97819049
8.57700, 0.97789329
8.57800, 0.97759622
8.57900, 0.97729926
8.58000, 0.97700243
8.58100, 0.97670572
8.58200, 0.97640912
8.58300, 0.97611265
8.58400, 0.97581630
8.58500, 0.97552006
8.58600, 0.97522395
8.58700, 0.97492795
8.58800, 0.97463208
8.58900, 0.97433632
8.59000, 0.97404069
8.59100, 0.97374517
8.59200, 0.97344978
8.59300, 0.97315450
8.59400, 0.97285934
8.59500, 0.97256430
8.59600, 0.97226938
8.59700, 0.97197458
8.59800, 0.97167990
8.59900, 0.97138534
8.60000, 0.97109090
8.60100, 0.97079657
8.60200, 0.97050237
8.60300, 0.97020828
8.60400, 0.96991431
8.60500, 0.96962046
8.60600, 0.96932673
8.60700, 0.96903312
8.60800, 0.96873962
8.60900, 0.96844625
8.61000, 0.96815299
8.61100, 0.96785985
8.61200, 0.96756683
8.61300, 0.96727393
8.61400, 0.96698115
8.61500, 0.96668848
8.61600, 0.96639593
8.61700, 0.96610350
8.61800, 0.96581119
8.61900, 0.96551900
8.62000, 0.96522692
8.62100, 0.96493496
8.62200, 0.96464312
8.62300, 0.96435140
8.62400, 0.96405979
8.62500, 0.96376830
8.62600, 0.96347693
8.62700, 0.96318568
8.62800, 0.96289454
8.62900, 0.96260352
8.63000, 0.96231262
8.63100, 0.96202183
8.63200, 0.96173116
8.63300, 0.96144061
8.63400, 0.96115018
8.63500, 0.96085986
8.63600, 0.96056966
8.63700, 0.96027958
8.63800, 0.95998961
8.63900, 0.95969976
8.64000, 0.95941003
8.64100, 0.95912041
8.64200, 0.95883091
8.64300, 0.95854152
8.64400, 0.95825226
8.64500, 0.95796310
8.64600, 0.95767407
8.64700, 0.95738515
8.64800, 0.95709635
8.64900, 0.95680766
8.65000, 0.95651909
8.65100, 0.95623063
8.65200, 0.95594229
8.65300, 0.95565407
8.65400, 0.95536596
8.65500, 0.95507797
8.65600, 0.95479009
8.65700, 0.95450233
8.65800, 0.95421469
8.65900, 0.95392716
8.66000, 0.95363974
8.66100, 0.95335244
8.66200, 0.95306526
8.66300, 0.95277819
8.66400, 0.95249124
8.66500, 0.95220440
8.66600, 0.95191768
8.66700, 0.95163107
8.66800, 0.95134458
8.66900, 0.95105820
8.67000, 0.95077194
8.67100, 0.95048579
8.67200, 0.95019975
8.67300, 0.94991383
8.67400, 0.94962803
8.67500, 0.94934234
8.67600, 0.94905676
8.67700, 0.94877130
8.67800, 0.94848596
8.67900, 0.94820072
8.68000, 0.94791561
8.68100, 0.94763060
8.68200, 0.94734571
8.68300, 0.94706094
8.68400, 0.94677628
8.68500, 0.94649173
8.68600, 0.94620730
8.68700, 0.94592298
8.68800, 0.94563877
8.68900, 0.94535468
8.69000, 0.94507070
8.69100, 0.94478683
8.69200, 0.94450308
8.69300, 0.94421945
8.69400, 0.94393592
8.69500, 0.94365251
8.69600, 0.94336921
8.69700, 0.94308603
8.69800, 0.94280296
8.69900, 0.94252000
8.70000, 0.94223716
8.70100, 0.94195442
8.70200, 0.94167181
8.70300, 0.94138930
8.70400, 0.94110691
8.70500, 0.94082463
8.70600, 0.94054246
8.70700, 0.94026041
8.70800, 0.93997846
8.70900, 0.93969664
8.71000, 0.93941492
8.71100, 0.93913332
8.71200, 0.93885182
8.71300, 0.93857044
8.71400, 0.93828918
8.71500, 0.93800802
8.71600, 0.93772698
8.71700, 0.93744605
8.71800, 0.93716523
8.71900, 0.93688453
8.72000, 0.93660393
8.72100, 0.93632345
8.72200, 0.93604308
8.72300, 0.93576282
8.72400, 0.93548268
8.72500, 0.93520264
8.72600, 0.93492272
8.72700, 0.93464291
8.72800, 0.93436321
8.72900, 0.93408362
8.73000, 0.93380414
8.73100, 0.93352478
8.73200, 0.93324553
8.73300, 0.93296638
8.73400, 0.93268735
8.73500, 0.93240843
8.73600, 0.93212962
8.73700, 0.93185092
8.73800, 0.93157234
8.73900, 0.93129386
8.74000, 0.93101549
8.74100, 0.93073724
8.74200, 0.93045910
8.74300, 0.93018106
8.74400, 0.92990314
8.74500, 0.92962533
8.74600, 0.92934763
8.74700, 0.92907004
8.74800, 0.92879256
8.74900, 0.92851519
8.75000, 0.92823793
8.75100, 0.92796078
8.75200, 0.92768374
8.75300, 0.92740681
8.75400, 0.92712999
8.75500, 0.92685329
8.75600, 0.92657669
8.75700, 0.92630020
8.75800, 0.92602382
8.75900, 0.92574755
8.76000, 0.92547139
8.76100, 0.92519534
8.76200, 0.92491940
8.76300, 0.92464357
8.76400, 0.92436785
8.76500, 0.92409224
8.76600, 0.92381674
8.76700, 0.92354135
8.76800, 0.92326607
8.76900, 0.92299090
8.77000, 0.92271583
8.77100, 0.92244088
8.77200, 0.92216603
8.77300, 0.92189129
8.77400, 0.92161667
8.77500, 0.92134215
8.77600, 0.92106774
8.77700, 0.92079344
8.77800, 0.92051925
8.77900, 0.92024516
8.78000, 0.91997119
8.78100, 0.91969732
8.78200, 0.91942357
8.78300, 0.91914992
8.78400, 0.91887638
8.78500, 0.91860295
8.78600, 0.91832962
8.78700, 0.91805641
8.78800, 0.91778330
8.78900, 0.91751030
8.79000, 0.91723741
8.79100, 0.91696463
8.79200, 0.91669196
8.79300, 0.91641939
8.79400, 0.91614693
8.79500, 0.91587458
8.79600, 0.91560234
8.79700, 0.91533021
8.79800, 0.91505818
8.79900, 0.91478626
8.80000, 0.91451445
8.80100, 0.91424275
8.80200, 0.91397115
8.80300, 0.91369966
8.80400, 0.91342828
8.80500, 0.91315701
8.80600, 0.91288584
8.80700, 0.91261478
8.80800, 0.91234383
8.80900, 0.91207299
8.81000, 0.91180225
8.81100, 0.91153162
8.81200, 0.91126109
8.81300, 0.91099068
8.81400, 0.91072037
8.81500, 0.91045016
8.81600, 0.91018007
8.81700, 0.90991008
8.81800, 0.90964020
8.81900, 0.90937042
8.82000, 0.90910075
8.82100, 0.90883119
8.82200, 0.90856173
8.82300, 0.90829238
8.82400, 0.90802314
8.82500, 0.90775400
8.82600, 0.90748497
8.82700, 0.90721604
8.82800, 0.90694723
8.82900, 0.90667851
8.83000, 0.90640991
8.83100, 0.90614141
8.83200, 0.90587301
8.83300, 0.90560472
8.83400, 0.90533654
8.83500, 0.90506846
8.83600, 0.90480049
8.83700, 0.90453263
8.83800, 0.90426487
8.83900, 0.90399721
8.84000, 0.90372966
8.84100, 0.90346222
8.84200, 0.90319488
8.84300, 0.90292765
8.84400, 0.90266052
8.84500, 0.90239350
8.84600, 0.90212658
8.84700, 0.90185977
8.84800, 0.90159307
8.84900, 0.90132646
8.85000, 0.90105997
8.85100, 0.90079358
8.85200, 0.90052729
8.85300, 0.90026111
8.85400, 0.89999503
8.85500, 0.89972906
8.85600, 0.89946319
8.85700, 0.89919743
8.85800, 0.89893177
8.85900, 0.89866622
8.86000, 0.89840077
8.86100, 0.89813543
8.86200, 0.89787019
8.86300, 0.89760505
8.86400, 0.89734002
8.86500, 0.89707509
8.86600, 0.89681027
8.86700, 0.89654555
8.86800, 0.89628094
8.86900, 0.89601643
8.87000, 0.89575202
8.87100, 0.89548772
8.87200, 0.89522352
8.87300, 0.89495942
8.87400, 0.89469543
8.87500, 0.89443154
8.87600, 0.89416776
8.87700, 0.89390408
8.87800, 0.89364050
8.87900, 0.89337703
8.88000, 0.89311366
8.88100, 0.89285039
8.88200, 0.89258723
8.88300, 0.89232417
8.88400, 0.89206122
8.88500, 0.89179836
8.88600, 0.89153561
8.88700, 0.89127297
8.88800, 0.89101042
8.88900, 0.89074798
8.89000, 0.89048565
8.89100, 0.89022341
8.89200, 0.88996128
8.89300, 0.88969925
8.89400, 0.88943732
8.89500, 0.88917550
8.89600, 0.88891378
8.89700, 0.88865216
8.89800, 0.88839065
8.89900, 0.88812923
8.90000, 0.88786792
8.90100, 0.88760672
8.90200, 0.88734561
8.90300, 0.88708461
8.90400, 0.88682371
8.90500, 0.88656291
8.90600, 0.88630221
8.90700, 0.88604162
8.90800, 0.88578112
8.90900, 0.88552073
8.91000, 0.88526044
8.91100, 0.88500026
8.91200, 0.88474017
8.91300, 0.88448019
8.91400, 0.88422031
8.91500, 0.88396053
8.91600, 0.88370085
8.91700, 0.88344128
8.91800, 0.88318180
8.91900, 0.88292243
8.92000, 0.88266316
8.92100, 0.88240399
8.92200, 0.88214492
8.92300, 0.88188595
8.92400, 0.88162708
8.92500, 0.88136832
8.92600, 0.88110966
8.92700, 0.88085109
8.92800, 0.88059263
8.92900, 0.88033427
8.93000, 0.88007601
8.93100, 0.87981785
8.93200, 0.87955980
8.93300, 0.87930184
8.93400, 0.87904398
8.93500, 0.87878623
8.93600, 0.87852857
8.93700, 0.87827102
8.93800, 0.87801356
8.93900, 0.87775621
8.94000, 0.87749896
8.94100, 0.87724181
8.94200, 0.87698476
8.94300, 0.87672780
8.94400, 0.87647095
8.94500, 0.87621420
8.94600, 0.87595755
8.94700, 0.87570100
8.94800, 0.87544455
8.94900, 0.87518820
8.95000, 0.87493195
8.95100, 0.87467580
8.95200, 0.87441975
8.95300, 0.87416380
8.95400, 0.87390795
8.95500, 0.87365220
8.95600, 0.87339655
8.95700, 0.87314100
8.95800, 0.87288554
8.95900, 0.87263019
8.96000, 0.87237494
8.96100, 0.87211979
8.96200, 0.87186473
8.96300, 0.87160978
8.96400, 0.87135492
8.96500, 0.87110017
8.96600, 0.87084551
8.96700, 0.87059095
8.96800, 0.87033649
8.96900, 0.87008213
8.97000, 0.86982787
8.97100, 0.86957371
8.97200, 0.86931965
8.97300, 0.86906568
8.97400, 0.86881182
8.97500, 0.86855805
8.97600, 0.86830439
8.97700, 0.86805082
8.97800, 0.86779735
8.97900, 0.86754398
8.98000, 0.86729070
8.98100, 0.86703753
8.98200, 0.86678445
8.98300, 0.86653148
8.98400, 0.86627860
8.98500, 0.86602582
8.98600, 0.86577313
8.98700, 0.86552055
8.98800, 0.86526806
8.98900, 0.86501568
8.99000, 0.86476339
8.99100, 0.86451119
8.99200, 0.86425910
8.99300, 0.86400710
8.99400, 0.86375521
8.99500, 0.86350341
8.99600, 0.86325170
8.99700, 0.86300010
8.99800, 0.86274859
8.99900, 0.86249718
9.00000, 0.86224587
9.00100, 0.86199466
9.00200, 0.86174354
9.00300, 0.86149252
9.00400, 0.86124160
9.00500, 0.86099077
9.00600, 0.86074005
9.00700, 0.86048942
9.00800, 0.86023888
9.00900, 0.85998845
9.01000, 0.85973811
9.01100, 0.85948787
9.01200, 0.85923772
9.01300, 0.85898768
9.01400, 0.85873773
9.01500, 0.85848787
9.01600, 0.85823812
9.01700, 0.85798846
9.01800, 0.85773889
9.01900, 0.85748943
9.02000, 0.85724006
9.02100, 0.85699078
9.02200, 0.85674161
9.02300, 0.85649253
9.02400, 0.85624354
9.02500, 0.85599466
9.02600, 0.85574586
9.02700, 0.85549717
9.02800, 0.85524857
9.02900, 0.85500007
9.03000, 0.85475166
9.03100, 0.85450335
9.03200, 0.85425514
9.03300, 0.85400702
9.03400, 0.85375900
9.03500, 0.85351108
9.03600, 0.85326325
9.03700, 0.85301551
9.03800, 0.85276787
9.03900, 0.85252033
9.04000, 0.85227289
9.04100, 0.85202553
9.04200, 0.85177828
9.04300, 0.85153112
9.04400, 0.85128406
9.04500, 0.85103709
9.04600, 0.85079021
9.04700, 0.85054344
9.04800, 0.85029675
9.04900, 0.85005017
9.05000, 0.84980368
9.05100, 0.84955728
9.05200, 0.84931098
9.05300, 0.84906477
9.05400, 0.84881866
9.05500, 0.84857264
9.05600, 0.84832672
9.05700, 0.84808090
9.05800, 0.84783516
9.05900, 0.84758953
9.06000, 0.84734399
9.06100, 0.84709854
9.06200, 0.84685319
9.06300, 0.84660793
9.06400, 0.84636277
9.06500, 0.84611770
9.06600, 0.84587272
9.06700, 0.84562785
9.06800, 0.84538306
9.06900, 0.84513837
9.07000, 0.84489377
9.07100, 0.84464927
9.07200, 0.84440486
9.07300, 0.84416055
9.07400, 0.84391633
9.07500, 0.84367221
9.07600, 0.84342818
9.07700, 0.84318424
9.07800, 0.84294040
9.07900, 0.84269665
9.08000, 0.84245299
9.08100, 0.84220943
9.08200, 0.84196596
9.08300, 0.84172259
9.08400, 0.84147931
9.08500, 0.84123612
9.08600, 0.84099303
9.08700, 0.84075003
9.08800, 0.84050712
9.08900, 0.84026431
9.09000, 0.84002159
9.09100, 0.83977897
9.09200, 0.83953644
9.09300, 0.83929400
9.09400, 0.83905165
9.09500, 0.83880940
9.09600, 0.83856724
9.09700, 0.83832518
9.09800, 0.83808320
9.09900, 0.83784132
9.10000, 0.83759954
9.10100, 0.83735784
9.10200, 0.83711624
9.10300, 0.83687473
9.10400, 0.83663332
9.10500, 0.83639200
9.10600, 0.83615077
9.10700, 0.83590963
9.10800, 0.83566858
9.10900, 0.83542763
9.11000, 0.83518677
9.11100, 0.83494601
9.11200, 0.83470533
9.11300, 0.83446475
9.11400, 0.83422426
9.11500, 0.83398386
9.11600, 0.83374356
9.11700, 0.83350335
9.11800, 0.83326323
9.11900, 0.83302320
9.12000, 0.83278326
9.12100, 0.83254342
9.12200, 0.83230367
9.12300, 0.83206401
9.12400, 0.83182444
9.12500, 0.83158496
9.12600, 0.83134558
9.12700, 0.83110628
9.12800, 0.83086708
9.12900, 0.83062797
9.13000, 0.83038896
9.13100, 0.83015003
9.13200, 0.82991120
9.13300, 0.82967245
9.13400, 0.82943380
9.13500, 0.82919524
9.13600, 0.82895677
9.13700, 0.82871840
9.13800, 0.82848011
9.13900, 0.82824192
9.14000, 0.82800381
9.14100, 0.82776580
9.14200, 0.82752788
9.14300, 0.82729005
9.14400, 0.82705231
9.14500, 0.82681466
9.14600, 0.82657711
9.14700, 0.82633964
9.14800, 0.82610226
9.14900, 0.82586498
9.15000, 0.82562779
9.15100, 0.82539068
9.15200, 0.82515367
9.15300, 0.82491675
9.15400, 0.82467992
9.15500, 0.82444318
9.15600, 0.82420653
9.15700, 0.82396997
9.15800, 0.82373350
9.15900, 0.82349713
9.16000, 0.82326084
9.16100, 0.82302464
9.16200, 0.82278853
9.16300, 0.82255252
9.16400, 0.82231659
9.16500, 0.82208075
9.16600, 0.82184501
9.16700, 0.82160935
9.16800, 0.82137378
9.16900, 0.82113831
9.17000, 0.82090292
9.17100, 0.82066762
9.17200, 0.82043242
9.17300, 0.82019730
9.17400, 0.81996227
9.17500, 0.81972733
9.17600, 0.81949249
9.17700, 0.81925773
9.17800, 0.81902306
9.17900, 0.81878848
9.18000, 0.81855399
9.18100, 0.81831959
9.18200, 0.81808528
9.18300, 0.81785106
9.18400, 0.81761692
9.18500, 0.81738288
9.18600, 0.81714893
9.18700, 0.81691506
9.18800, 0.81668129
9.18900, 0.81644760
9.19000, 0.81621400
9.19100, 0.81598050
9.19200, 0.81574708
9.19300, 0.81551375
9.19400, 0.81528051
9.19500, 0.81504735
9.19600, 0.81481429
9.19700, 0.81458132
9.19800, 0.81434843
9.19900, 0.81411563
9.20000, 0.81388292
9.20100, 0.81365030
9.20200, 0.81341777
9.20300, 0.81318533
9.20400, 0.81295298
9.20500, 0.81272071
9.20600, 0.81248853
9.20700, 0.81225644
9.20800, 0.81202444
9.20900, 0.81179253
9.21000, 0.81156070
9.21100, 0.81132897
9.21200, 0.81109732
9.21300, 0.81086576
9.21400, 0.81063429
9.21500, 0.81040290
9.21600, 0.81017161
9.21700, 0.80994040
9.21800, 0.80970928
9.21900, 0.80947825
9.22000, 0.80924730
9.22100, 0.80901645
9.22200, 0.80878568
9.22300, 0.80855500
9.22400, 0.80832440
9.22500, 0.80809390
9.22600, 0.80786348
9.22700, 0.80763315
9.22800, 0.80740290
9.22900, 0.80717275
9.23000, 0.80694268
9.23100, 0.80671270
9.23200, 0.80648281
9.23300, 0.80625300
9.23400, 0.80602328
9.23500, 0.80579365
9.23600, 0.80556410
9.23700, 0.80533464
9.23800, 0.80510527
9.23900, 0.80487599
9.24000, 0.80464679
9.24100, 0.80441768
9.24200, 0.80418866
9.24300, 0.80395972
9.24400, 0.80373087
9.24500, 0.80350211
9.24600, 0.80327344
9.24700, 0.80304485
9.24800, 0.80281634
9.24900, 0.80258793
9.25000, 0.80235960
9.25100, 0.80213136
9.25200, 0.80190320
9.25300, 0.80167513
9.25400, 0.80144715
9.25500, 0.80121925
9.25600, 0.80099144
9.25700, 0.80076371
9.25800, 0.80053608
9.25900, 0.80030852
9.26000, 0.80008106
9.26100, 0.79985368
9.26200, 0.79962638
9.26300, 0.79939918
9.26400, 0.79917205
9.26500, 0.79894502
9.26600, 0.79871807
9.26700, 0.79849121
9.26800, 0.79826443
9.26900, 0.79803774
9.27000, 0.79781113
9.27100, 0.79758461
9.27200, 0.79735817
9.27300, 0.79713182
9.27400, 0.79690556
9.27500, 0.79667938
9.27600, 0.79645329
9.27700, 0.79622728
9.27800, 0.79600136
9.27900, 0.79577552
9.28000, 0.79554977
9.28100, 0.79532411
9.28200, 0.79509853
9.28300, 0.79487303
9.28400, 0.79464762
9.28500, 0.79442230
9.28600, 0.79419706
9.28700, 0.79397190
9.28800, 0.79374683
9.28900, 0.79352185
9.29000, 0.79329695
9.29100, 0.79307213
9.29200, 0.79284740
9.29300, 0.79262276
9.29400, 0.79239820
9.29500, 0.79217372
9.29600, 0.79194933
9.29700, 0.79172502
9.29800, 0.79150080
9.29900, 0.79127666
9.30000, 0.79105261
9.30100, 0.79082864
9.30200, 0.79060476
9.30300, 0.79038096
9.30400, 0.79015725
9.30500, 0.78993362
9.30600, 0.78971007
9.30700, 0.78948661
9.30800, 0.78926323
9.30900, 0.78903994
9.31000, 0.78881673
9.31100, 0.78859360
9.31200, 0.78837056
9.31300, 0.78814760
9.31400, 0.78792473
9.31500, 0.78770194
9.31600, 0.78747924
9.31700, 0.78725662
9.31800, 0.78703408
9.31900, 0.78681162
9.32000, 0.78658925
9.32100, 0.78636697
9.32200, 0.78614477
9.32300, 0.78592265
9.32400, 0.78570061
9.32500, 0.78547866
9.32600, 0.78525679
9.32700, 0.78503501
9.32800, 0.78481331
9.32900, 0.78459169
9.33000, 0.78437015
9.33100, 0.78414870
9.33200, 0.78392733
9.33300, 0.78370605
9.33400, 0.78348485
9.33500, 0.78326373
9.33600, 0.78304269
9.33700, 0.78282174
9.33800, 0.78260087
9.33900, 0.78238009
9.34000, 0.78215938
9.34100, 0.78193876
9.34200, 0.78171823
9.34300, 0.78149777
9.34400, 0.78127740
9.34500, 0.78105711
9.34600, 0.78083691
9.34700, 0.78061678
9.34800, 0.78039674
9.34900, 0.78017678
9.35000, 0.77995691
9.35100, 0.77973712
9.35200, 0.77951741
9.35300, 0.77929778
9.35400, 0.77907823
9.35500, 0.77885877
9.35600, 0.77863939
9.35700, 0.77842009
9.35800, 0.77820087
9.35900, 0.77798174
9.36000, 0.77776269
9.36100, 0.77754372
9.36200, 0.77732483
9.36300, 0.77710603
9.36400, 0.77688730
9.36500, 0.77666866
9.36600, 0.77645010
9.36700, 0.77623163
9.36800, 0.77601323
9.36900, 0.77579492
9.37000, 0.77557668
9.37100, 0.77535853
9.37200, 0.77514047
9.37300, 0.77492248
9.37400, 0.77470457
9.37500, 0.77448675
9.37600, 0.77426901
9.37700, 0.77405135
9.37800, 0.77383377
9.37900, 0.77361627
9.38000, 0.77339886
9.38100, 0.77318152
9.38200, 0.77296427
9.38300, 0.77274710
9.38400, 0.77253001
9.38500, 0.77231300
9.38600, 0.77209607
9.38700, 0.77187922
9.38800, 0.77166246
9.38900, 0.77144577
9.39000, 0.77122917
9.39100, 0.77101265
9.39200, 0.77079620
9.39300, 0.77057984
9.39400, 0.77036356
9.39500, 0.77014737
9.39600, 0.76993125
9.39700, 0.76971521
9.39800, 0.76949925
9.39900, 0.76928338
9.40000, 0.76906758
9.40100, 0.76885187
9.40200, 0.76863623
9.40300, 0.76842068
9.40400, 0.76820521
9.40500, 0.76798981
9.40600, 0.76777450
9.40700, 0.76755927
9.40800, 0.76734412
9.40900, 0.76712905
9.41000, 0.76691406
9.41100, 0.76669915
9.41200, 0.76648432
9.41300, 0.76626957
9.41400, 0.76605490
9.41500, 0.76584031
9.41600, 0.76562580
9.41700, 0.76541137
9.41800, 0.76519702
9.41900, 0.76498275
9.42000, 0.76476856
9.42100, 0.76455445
9.42200, 0.76434042
9.42300, 0.76412647
9.42400, 0.76391260
9.42500, 0.76369881
9.42600, 0.76348510
9.42700, 0.76327147
9.42800, 0.76305792
9.42900, 0.76284445
9.43000, 0.76263105
9.43100, 0.76241774
9.43200, 0.76220451
9.43300, 0.76199135
9.43400, 0.76177828
9.43500, 0.76156528
9.43600, 0.76135237
9.43700, 0.76113953
9.43800, 0.76092677
9.43900, 0.76071409
9.44000, 0.76050150
9.44100, 0.76028898
9.44200, 0.76007654
9.44300, 0.75986417
9.44400, 0.75965189
9.44500, 0.75943969
9.44600, 0.75922756
9.44700, 0.75901552
9.44800, 0.75880355
9.44900, 0.75859166
9.45000, 0.75837985
9.45100, 0.75816812
9.45200, 0.75795647
9.45300, 0.75774490
9.45400, 0.75753340
9.45500, 0.75732199
9.45600, 0.75711065
9.45700, 0.75689939
9.45800, 0.75668821
9.45900, 0.75647711
9.46000, 0.75626609
9.46100, 0.75605514
9.46200, 0.75584428
9.46300, 0.75563349
9.46400, 0.75542278
9.46500, 0.75521215
9.46600, 0.75500160
9.46700, 0.75479112
9.46800, 0.75458072
9.46900, 0.75437040
9.47000, 0.75416016
9.47100, 0.75395000
9.47200, 0.75373992
9.47300, 0.75352991
9.47400, 0.75331998
9.47500, 0.75311013
9.47600, 0.75290036
9.47700, 0.75269066
9.47800, 0.75248105
9.47900, 0.75227151
9.48000, 0.75206205
9.48100, 0.75185266
9.48200, 0.75164336
9.48300, 0.75143413
9.48400, 0.75122498
9.48500, 0.75101590
9.48600, 0.75080691
9.48700, 0.75059799
9.48800, 0.75038915
9.48900, 0.75018038
9.49000, 0.74997170
9.49100, 0.74976309
9.49200, 0.74955455
9.49300, 0.74934610
9.49400, 0.74913772
9.49500, 0.74892942
9.49600, 0.74872120
9.49700, 0.74851305
9.49800, 0.74830498
9.49900, 0.74809699
9.50000, 0.74788908
9.50100, 0.74768124
9.50200, 0.74747348
9.50300, 0.74726580
9.50400, 0.74705819
9.50500, 0.74685066
9.50600, 0.74664321
9.50700, 0.74643583
9.50800, 0.74622853
9.50900, 0.74602131
9.51000, 0.74581416
9.51100, 0.74560709
9.51200, 0.74540009
9.51300, 0.74519318
9.51400, 0.74498634
9.51500, 0.74477957
9.51600, 0.74457289
9.51700, 0.74436628
9.51800, 0.74415974
9.51900, 0.74395328
9.52000, 0.74374690
9.52100, 0.74354059
9.52200, 0.74333436
9.52300, 0.74312821
9.52400, 0.74292213
9.52500, 0.74271613
9.52600, 0.74251021
9.52700, 0.74230436
9.52800, 0.74209859
9.52900, 0.74189289
9.53000, 0.74168727
9.53100, 0.74148172
9.53200, 0.74127625
9.53300, 0.74107086
9.53400, 0.74086554
9.53500, 0.74066030
9.53600, 0.74045513
9.53700, 0.74025004
9.53800, 0.74004503
9.53900, 0.73984009
9.54000, 0.73963523
9.54100, 0.73943044
9.54200, 0.73922573
9.54300, 0.73902109
9.54400, 0.73881653
9.54500, 0.73861204
9.54600, 0.73840763
9.54700, 0.73820330
9.54800, 0.73799904
9.54900, 0.73779485
9.55000, 0.73759074
9.55100, 0.73738671
9.55200, 0.73718275
9.55300, 0.73697887
9.55400, 0.73677506
9.55500, 0.73657132
9.55600, 0.73636766
9.55700, 0.73616408
9.55800, 0.73596057
9.55900, 0.73575714
9.56000, 0.73555378
9.56100, 0.73535050
9.56200, 0.73514729
9.56300, 0.73494415
9.56400, 0.73474109
9.56500, 0.73453811
9.56600, 0.73433520
9.56700, 0.73413236
9.56800, 0.73392960
9.56900, 0.73372691
9.57000, 0.73352430
9.57100, 0.73332177
9.57200, 0.73311930
9.57300, 0.73291691
9.57400, 0.73271460
9.57500, 0.73251236
9.57600, 0.73231020
9.57700, 0.73210811
9.57800, 0.73190609
9.57900, 0.73170415
9.58000, 0.73150228
9.58100, 0.73130049
9.58200, 0.73109877
9.58300, 0.73089712
9.58400, 0.73069555
9.58500, 0.73049405
9.58600, 0.73029263
9.58700, 0.73009128
9.58800, 0.72989000
9.58900, 0.72968880
9.59000, 0.72948767
9.59100, 0.72928662
9.59200, 0.72908564
9.59300, 0.72888473
9.59400, 0.72868390
9.59500, 0.72848314
9.59600, 0.72828246
9.59700, 0.72808185
9.59800, 0.72788131
9.59900, 0.72768084
9.60000, 0.72748045
9.60100, 0.72728014
9.60200, 0.72707989
9.60300, 0.72687972
9.60400, 0.72667962
9.60500, 0.72647960
9.60600, 0.72627965
9.60700, 0.72607977
9.60800, 0.72587997
9.60900, 0.72568024
9.61000, 0.72548058
9.61100, 0.72528100
9.61200, 0.72508149
9.61300, 0.72488205
9.61400, 0.72468268
9.61500, 0.72448339
9.61600, 0.72428417
9.61700, 0.72408503
9.61800, 0.72388596
9.61900, 0.72368696
9.62000, 0.72348803
9.62100, 0.72328917
9.62200, 0.72309039
9.62300, 0.72289168
9.62400, 0.72269305
9.62500, 0.72249448
9.62600, 0.72229599
9.62700, 0.72209758
9.62800, 0.72189923
9.62900, 0.72170096
9.63000, 0.72150276
9.63100, 0.72130463
9.63200, 0.72110658
9.63300, 0.72090859
9.63400, 0.72071068
9.63500, 0.72051284
9.63600, 0.72031508
9.63700, 0.72011738
9.63800, 0.71991976
9.63900, 0.71972222
9.64000, 0.71952474
9.64100, 0.71932733
9.64200, 0.71913000
9.64300, 0.71893274
9.64400, 0.71873555
9.64500, 0.71853844
9.64600, 0.71834139
9.64700, 0.71814442
9.64800, 0.71794752
9.64900, 0.71775069
9.65000, 0.71755394
9.65100, 0.71735725
9.65200, 0.71716064
9.65300, 0.71696410
9.65400, 0.71676763
9.65500, 0.71657123
9.65600, 0.71637490
9.65700, 0.71617865
9.65800, 0.71598247
9.65900, 0.71578636
9.66000, 0.71559032
9.66100, 0.71539435
9.66200, 0.71519845
9.66300, 0.71500263
9.66400, 0.71480687
9.66500, 0.71461119
9.66600, 0.71441558
9.66700, 0.71422004
9.66800, 0.71402457
9.66900, 0.71382918
9.67000, 0.71363385
9.67100, 0.71343860
9.67200, 0.71324341
9.67300, 0.71304830
9.67400, 0.71285326
9.67500, 0.71265829
9.67600, 0.71246339
9.67700, 0.71226856
9.67800, 0.71207380
9.67900, 0.71187912
9.68000, 0.71168450
9.68100, 0.71148996
9.68200, 0.71129548
9.68300, 0.71110108
9.68400, 0.71090675
9.68500, 0.71071249
9.68600, 0.71051830
9.68700, 0.71032418
9.68800, 0.71013013
9.68900, 0.70993615
9.69000, 0.70974224
9.69100, 0.70954840
9.69200, 0.70935464
9.69300, 0.70916094
9.69400, 0.70896731
9.69500, 0.70877376
9.69600, 0.70858027
9.69700, 0.70838686
9.69800, 0.70819351
9.69900, 0.70800024
9.70000, 0.70780704
9.70100, 0.70761390
9.70200, 0.70742084
9.70300, 0.70722784
9.70400, 0.70703492
9.70500, 0.70684207
9.70600, 0.70664928
9.70700, 0.70645657
9.70800, 0.70626393
9.70900, 0.70607135
9.71000, 0.70587885
9.71100, 0.70568642
9.71200, 0.70549405
9.71300, 0.70530176
9.71400, 0.70510954
9.71500, 0.70491738
9.71600, 0.70472530
9.71700, 0.70453328
9.71800, 0.70434134
9.71900, 0.70414946
9.72000, 0.70395766
9.72100, 0.70376592
9.72200, 0.70357426
9.72300, 0.70338266
9.72400, 0.70319113
9.72500, 0.70299967
9.72600, 0.70280828
9.72700, 0.70261697
9.72800, 0.70242572
9.72900, 0.70223454
9.73000, 0.70204342
9.73100, 0.70185238
9.73200, 0.70166141
9.73300, 0.70147051
9.73400, 0.70127967
9.73500, 0.70108891
9.73600, 0.70089821
9.73700, 0.70070758
9.73800, 0.70051703
9.73900, 0.70032654
9.74000, 0.70013612
9.74100, 0.69994577
9.74200, 0.69975548
9.74300, 0.69956527
9.74400, 0.69937513
9.74500, 0.69918505
9.74600, 0.69899505
9.74700, 0.69880511
9.74800, 0.69861524
9.74900, 0.69842544
9.75000, 0.69823571
9.75100, 0.69804604
9.75200, 0.69785645
9.75300, 0.69766692
9.75400, 0.69747747
9.75500, 0.69728808
9.75600, 0.69709876
9.75700, 0.69690951
9.75800, 0.69672032
9.75900, 0.69653121
9.76000, 0.69634216
9.76100, 0.69615318
9.76200, 0.69596427
9.76300, 0.69577543
9.76400, 0.69558666
9.76500, 0.69539795
9.76600, 0.69520932
9.76700, 0.69502075
9.76800, 0.69483225
9.76900, 0.69464382
9.77000, 0.69445545
9.77100, 0.69426715
9.77200, 0.69407893
9.77300, 0.69389077
9.77400, 0.69370267
9.77500, 0.69351465
9.77600, 0.69332669
9.77700, 0.69313880
9.77800, 0.69295098
9.77900, 0.69276323
9.78000, 0.69257554
9.78100, 0.69238793
9.78200, 0.69220038
9.78300, 0.69201289
9.78400, 0.69182548
9.78500, 0.69163813
9.78600, 0.69145085
9.78700, 0.69126364
9.78800, 0.69107649
9.78900, 0.69088942
9.79000, 0.69070241
9.79100, 0.69051547
9.79200, 0.69032859
9.79300, 0.69014178
9.79400, 0.68995504
9.79500, 0.68976837
9.79600, 0.68958177
9.79700, 0.68939523
9.79800, 0.68920876
9.79900, 0.68902235
9.80000, 0.68883602
9.80100, 0.68864975
9.80200, 0.68846354
9.80300, 0.68827741
9.80400, 0.68809134
9.80500, 0.68790534
9.80600, 0.68771940
9.80700, 0.68753354
9.80800, 0.68734773
9.80900, 0.68716200
9.81000, 0.68697633
9.81100, 0.68679073
9.81200, 0.68660520
9.81300, 0.68641973
9.81400, 0.68623433
9.81500, 0.68604900
9.81600, 0.68586373
9.81700, 0.68567853
9.81800, 0.68549340
9.81900, 0.68530833
9.82000, 0.68512333
9.82100, 0.68493840
9.82200, 0.68475353
9.82300, 0.68456873
9.82400, 0.68438400
9.82500, 0.68419933
9.82600, 0.68401473
9.82700, 0.68383019
9.82800, 0.68364573
9.82900, 0.68346132
9.83000, 0.68327699
9.83100, 0.68309272
9.83200, 0.68290851
9.83300, 0.68272438
9.83400, 0.68254030
9.83500, 0.68235630
9.83600, 0.68217236
9.83700, 0.68198849
9.83800, 0.68180468
9.83900, 0.68162094
9.84000, 0.68143726
9.84100, 0.68125365
9.84200, 0.68107011
9.84300, 0.68088663
9.84400, 0.68070322
9.84500, 0.68051987
9.84600, 0.68033659
9.84700, 0.68015338
9.84800, 0.67997023
9.84900, 0.67978715
9.85000, 0.67960413
9.85100, 0.67942118
9.85200, 0.67923829
9.85300, 0.67905547
9.85400, 0.67887271
9.85500, 0.67869002
9.85600, 0.67850740
9.85700, 0.67832484
9.85800, 0.67814235
9.85900, 0.67795992
9.86000, 0.67777756
9.86100, 0.67759526
9.86200, 0.67741303
9.86300, 0.67723086
9.86400, 0.67704876
9.86500, 0.67686672
9.86600, 0.67668475
9.86700, 0.67650285
9.86800, 0.67632101
9.86900, 0.67613923
9.87000, 0.67595752
9.87100, 0.67577588
9.87200, 0.67559429
9.87300, 0.67541278
9.87400, 0.67523133
9.87500, 0.67504994
9.87600, 0.67486862
9.87700, 0.67468737
9.87800, 0.67450618
9.87900, 0.67432505
9.88000, 0.67414399
9.88100, 0.67396299
9.88200, 0.67378206
9.88300, 0.67360119
9.88400, 0.67342039
9.88500, 0.67323965
9.88600, 0.67305898
9.88700, 0.67287837
9.88800, 0.67269783
9.88900, 0.67251735
9.89000, 0.67233693
9.89100, 0.67215658
9.89200, 0.67197629
9.89300, 0.67179607
9.89400, 0.67161591
9.89500, 0.67143582
9.89600, 0.67125579
9.89700, 0.67107583
9.89800, 0.67089593
9.89900, 0.67071609
9.90000, 0.67053632
9.90100, 0.67035661
9.90200, 0.67017697
9.90300, 0.66999739
9.90400, 0.66981787
9.90500, 0.66963842
9.90600, 0.66945903
9.90700, 0.66927971
9.90800, 0.66910045
9.90900, 0.66892126
9.91000, 0.66874213
9.91100, 0.66856306
9.91200, 0.66838405
9.91300, 0.66820511
9.91400, 0.66802624
9.91500, 0.66784743
9.91600, 0.66766868
9.91700, 0.66748999
9.91800, 0.66731137
9.91900, 0.66713281
9.92000, 0.66695432
9.92100, 0.66677589
9.92200, 0.66659752
9.92300, 0.66641922
9.92400, 0.66624098
9.92500, 0.66606281
9.92600, 0.66588469
9.92700, 0.66570664
9.92800, 0.66552866
9.92900, 0.66535074
9.93000, 0.66517288
9.93100, 0.66499508
9.93200, 0.66481735
9.93300, 0.66463968
9.93400, 0.66446207
9.93500, 0.66428453
9.93600, 0.66410705
9.93700, 0.66392964
9.93800, 0.66375228
9.93900, 0.66357499
9.94000, 0.66339776
9.94100, 0.66322060
9.94200, 0.66304350
9.94300, 0.66286646
9.94400, 0.66268949
9.94500, 0.66251257
9.94600, 0.66233573
9.94700, 0.66215894
9.94800, 0.66198222
9.94900, 0.66180556
9.95000, 0.66162896
9.95100, 0.66145242
9.95200, 0.66127595
9.95300, 0.66109954
9.95400, 0.66092319
9.95500, 0.66074691
9.95600, 0.66057069
9.95700, 0.66039453
9.95800, 0.66021843
9.95900, 0.66004240
9.96000, 0.65986643
9.96100, 0.65969052
9.96200, 0.65951467
9.96300, 0.65933889
9.96400, 0.65916316
9.96500, 0.65898751
9.96600, 0.65881191
9.96700, 0.65863637
9.96800, 0.65846090
9.96900, 0.65828549
9.97000, 0.65811014
9.97100, 0.65793486
9.97200, 0.65775963
9.97300, 0.65758447
9.97400, 0.65740937
9.97500, 0.65723434
9.97600, 0.65705936
9.97700, 0.65688445
9.97800, 0.65670960
9.97900, 0.65653481
9.98000, 0.65636008
9.98100, 0.65618542
9.98200, 0.65601081
9.98300, 0.65583627
9.98400, 0.65566179
9.98500, 0.65548737
9.98600, 0.65531302
9.98700, 0.65513872
9.98800, 0.65496449
9.98900, 0.65479032
9.99000, 0.65461621
9.99100, 0.65444217
9.99200, 0.65426818
9.99300, 0.65409426
9.99400, 0.65392039
9.99500, 0.65374659
9.99600, 0.65357285
9.99700, 0.65339917
9.99800, 0.65322556
9.99900, 0.65305200
10.0000, 0.65287851
10.1000, 0.63583470
10.2000, 0.61937840
10.3000, 0.60348452
10.4000, 0.58812923
10.5000, 0.57328991
10.6000, 0.55894506
10.7000, 0.54507425
10.8000, 0.53165805
10.9000, 0.51867799
11.0000, 0.50611648
11.1000, 0.49395679
11.2000, 0.48218297
11.3000, 0.47077983
11.4000, 0.45973289
11.5000, 0.44902836
11.6000, 0.43865306
11.7000, 0.42859442
11.8000, 0.41884047
11.9000, 0.40937973
12.0000, 0.40020129
12.1000, 0.39129468
12.2000, 0.38264991
12.3000, 0.37425743
12.4000, 0.36610810
12.5000, 0.35819318
12.6000, 0.35050429
12.7000, 0.34303343
12.8000, 0.33577293
12.9000, 0.32871542
13.0000, 0.32185386
13.1000, 0.31518150
13.2000, 0.30869186
13.3000, 0.30237873
13.4000, 0.29623615
13.5000, 0.29025840
13.6000, 0.28443999
13.7000, 0.27877564
13.8000, 0.27326028
13.9000, 0.26788906
14.0000, 0.26265729
14.1000, 0.25756048
14.2000, 0.25259431
14.3000, 0.24775461
14.4000, 0.24303739
14.5000, 0.23843879
14.6000, 0.23395512
14.7000, 0.22958281
14.8000, 0.22531842
14.9000, 0.22115864
15.0000, 0.21710028
15.1000, 0.21314029
15.2000, 0.20927568
15.3000, 0.20550362
15.4000, 0.20182134
15.5000, 0.19822619
15.6000, 0.19471562
15.7000, 0.19128715
15.8000, 0.18793840
15.9000, 0.18466706
16.0000, 0.18147091
16.1000, 0.17834780
16.2000, 0.17529567
16.3000, 0.17231250
16.4000, 0.16939637
16.5000, 0.16654540
16.6000, 0.16375778
16.7000, 0.16103176
16.8000, 0.15836566
16.9000, 0.15575783
17.0000, 0.15320670
17.1000, 0.15071073
17.2000, 0.14826845
17.3000, 0.14587841
17.4000, 0.14353923
17.5000, 0.14124957
17.6000, 0.13900812
17.7000, 0.13681362
17.8000, 0.13466485
17.9000, 0.13256063
18.0000, 0.13049981
18.1000, 0.12848127
18.2000, 0.12650395
18.3000, 0.12456678
18.4000, 0.12266877
18.5000, 0.12080893
18.6000, 0.11898631
18.7000, 0.11719997
18.8000, 0.11544902
18.9000, 0.11373260
19.0000, 0.11204985
19.1000, 0.11039996
19.2000, 0.10878212
19.3000, 0.10719557
19.4000, 0.10563955
19.5000, 0.10411334
19.6000, 0.10261622
19.7000, 0.10114750
19.8000, 0.099706518
19.9000, 0.098292622
20.0000, 0.096905179
21.0000, 0.084358429
22.0000, 0.073876351
23.0000, 0.065051808
24.0000, 0.057570290
25.0000, 0.051186231
26.0000, 0.045705999
27.0000, 0.040975528
28.0000, 0.036871194
29.0000, 0.033293024
30.0000, 0.030159586
31.0000, 0.027404096
32.0000, 0.024971436
33.0000, 0.022815847
34.0000, 0.020899124
35.0000, 0.019189205
36.0000, 0.017659046
37.0000, 0.016285731
38.0000, 0.015049757
39.0000, 0.013934451
40.0000, 0.012925509
41.0000, 0.012010607
42.0000, 0.011179095
43.0000, 0.010421732
44.0000, 0.0097304763
45.0000, 0.0090983089
46.0000, 0.0085190831
47.0000, 0.0079874021
48.0000, 0.0074985138
49.0000, 0.0070482235
50.0000, 0.0066328186
51.0000, 0.0062490059
52.0000, 0.0058938569
53.0000, 0.0055647619
54.0000, 0.0052593901
55.0000, 0.0049756560
56.0000, 0.0047116892
57.0000, 0.0044658095
58.0000, 0.0042365044
59.0000, 0.0040224103
60.0000, 0.0038222954
61.0000, 0.0036350453
62.0000, 0.0034596500
63.0000, 0.0032951930
64.0000, 0.0031408410
65.0000, 0.0029958355
66.0000, 0.0028594851
67.0000, 0.0027311583
68.0000, 0.0026102782
69.0000, 0.0024963167
70.0000, 0.0023887896
71.0000, 0.0022872529
72.0000, 0.0021912985
73.0000, 0.0021005511
74.0000, 0.0020146652
75.0000, 0.0019333222
76.0000, 0.0018562283
77.0000, 0.0017831119
78.0000, 0.0017137220
79.0000, 0.0016478262
80.0000, 0.0015852092
81.0000, 0.0015256714
82.0000, 0.0014690276
83.0000, 0.0014151054
84.0000, 0.0013637450
85.0000, 0.0013147973
86.0000, 0.0012681235
87.0000, 0.0012235945
88.0000, 0.0011810894
89.0000, 0.0011404957
90.0000, 0.0011017082
91.0000, 0.0010646284
92.0000, 0.0010291642
93.0000, 0.00099522952
94.0000, 0.00096274351
95.0000, 0.00093163042
96.0000, 0.00090181920
97.0000, 0.00087324313
98.0000, 0.00084583951
99.0000, 0.00081954942
100.000, 0.00079431743
101.000, 0.00077009137
102.000, 0.00074682211
103.000, 0.00072446335
104.000, 0.00070297143
105.000, 0.00068230519
106.000, 0.00066242575
107.000, 0.00064329640
108.000, 0.00062488246
109.000, 0.00060715116
110.000, 0.00059007146
111.000, 0.00057361403
112.000, 0.00055775108
113.000, 0.00054245629
114.000, 0.00052770472
115.000, 0.00051347272
116.000, 0.00049973786
117.000, 0.00048647885
118.000, 0.00047367549
119.000, 0.00046130858
120.000, 0.00044935988
121.000, 0.00043781205
122.000, 0.00042664862
123.000, 0.00041585388
124.000, 0.00040541291
125.000, 0.00039531150
126.000, 0.00038553611
127.000, 0.00037607383
128.000, 0.00036691237
129.000, 0.00035804001
130.000, 0.00034944555
131.000, 0.00034111833
132.000, 0.00033304815
133.000, 0.00032522528
134.000, 0.00031764044
135.000, 0.00031028474
136.000, 0.00030314969
137.000, 0.00029622718
138.000, 0.00028950943
139.000, 0.00028298903
140.000, 0.00027665886
141.000, 0.00027051212
142.000, 0.00026454228
143.000, 0.00025874311
144.000, 0.00025310862
145.000, 0.00024763307
146.000, 0.00024231096
147.000, 0.00023713703
148.000, 0.00023210621
149.000, 0.00022721364
150.000, 0.00022245467
151.000, 0.00021782482
152.000, 0.00021331979
153.000, 0.00020893546
154.000, 0.00020466785
155.000, 0.00020051317
156.000, 0.00019646774
157.000, 0.00019252803
158.000, 0.00018869067
159.000, 0.00018495238
160.000, 0.00018131003
161.000, 0.00017776060
162.000, 0.00017430118
163.000, 0.00017092897
164.000, 0.00016764128
165.000, 0.00016443550
166.000, 0.00016130913
167.000, 0.00015825976
168.000, 0.00015528507
169.000, 0.00015238280
170.000, 0.00014955080
171.000, 0.00014678697
172.000, 0.00014408931
173.000, 0.00014145587
174.000, 0.00013888478
175.000, 0.00013637422
176.000, 0.00013392244
177.000, 0.00013152777
178.000, 0.00012918856
179.000, 0.00012690324
180.000, 0.00012467028
181.000, 0.00012248822
182.000, 0.00012035563
183.000, 0.00011827114
184.000, 0.00011623341
185.000, 0.00011424115
186.000, 0.00011229313
187.000, 0.00011038814
188.000, 0.00010852500
189.000, 0.00010670260
190.000, 0.00010491983
191.000, 0.00010317565
192.000, 0.00010146902
193.000, 9.9798964e-05
194.000, 9.8164506e-05
195.000, 9.6564720e-05
196.000, 9.4998704e-05
197.000, 9.3465583e-05
198.000, 9.1964509e-05
199.000, 9.0494660e-05
200.000, 8.9055239e-05
201.000, 8.7645474e-05
202.000, 8.6264613e-05
203.000, 8.4911931e-05
204.000, 8.3586722e-05
205.000, 8.2288301e-05
206.000, 8.1016003e-05
207.000, 7.9769184e-05
208.000, 7.8547217e-05
209.000, 7.7349495e-05
210.000, 7.6175427e-05
211.000, 7.5024440e-05
212.000, 7.3895978e-05
213.000, 7.2789499e-05
214.000, 7.1704478e-05
215.000, 7.0640404e-05
216.000, 6.9596782e-05
217.000, 6.8573128e-05
218.000, 6.7568973e-05
219.000, 6.6583863e-05
220.000, 6.5617354e-05
221.000, 6.4669014e-05
222.000, 6.3738425e-05
223.000, 6.2825179e-05
224.000, 6.1928880e-05
225.000, 6.1049141e-05
226.000, 6.0185586e-05
227.000, 5.9337852e-05
228.000, 5.8505581e-05
229.000, 5.7688428e-05
230.000, 5.6886055e-05
231.000, 5.6098136e-05
232.000, 5.5324349e-05
233.000, 5.4564385e-05
234.000, 5.3817940e-05
235.000, 5.3084719e-05
236.000, 5.2364435e-05
237.000, 5.1656807e-05
238.000, 5.0961562e-05
239.000, 5.0278435e-05
240.000, 4.9607166e-05
241.000, 4.8947503e-05
242.000, 4.8299200e-05
243.000, 4.7662016e-05
244.000, 4.7035718e-05
245.000, 4.6420077e-05
246.000, 4.5814870e-05
247.000, 4.5219882e-05
248.000, 4.4634899e-05
249.000, 4.4059716e-05
250.000, 4.3494130e-05
251.000, 4.2937946e-05
252.000, 4.2390972e-05
253.000, 4.1853021e-05
254.000, 4.1323909e-05
255.000, 4.0803459e-05
256.000, 4.0291496e-05
257.000, 3.9787852e-05
258.000, 3.9292359e-05
259.000, 3.8804856e-05
260.000, 3.8325185e-05
261.000, 3.7853192e-05
262.000, 3.7388725e-05
263.000, 3.6931638e-05
264.000, 3.6481786e-05
265.000, 3.6039029e-05
266.000, 3.5603230e-05
267.000, 3.5174254e-05
268.000, 3.4751970e-05
269.000, 3.4336251e-05
270.000, 3.3926971e-05
271.000, 3.3524007e-05
272.000, 3.3127241e-05
273.000, 3.2736554e-05
274.000, 3.2351833e-05
275.000, 3.1972966e-05
276.000, 3.1599844e-05
277.000, 3.1232359e-05
278.000, 3.0870407e-05
279.000, 3.0513887e-05
280.000, 3.0162697e-05
281.000, 2.9816740e-05
282.000, 2.9475921e-05
283.000, 2.9140145e-05
284.000, 2.8809322e-05
285.000, 2.8483361e-05
286.000, 2.8162175e-05
287.000, 2.7845678e-05
288.000, 2.7533786e-05
289.000, 2.7226417e-05
290.000, 2.6923490e-05
291.000, 2.6624927e-05
292.000, 2.6330650e-05
293.000, 2.6040584e-05
294.000, 2.5754654e-05
295.000, 2.5472790e-05
296.000, 2.5194919e-05
297.000, 2.4920972e-05
298.000, 2.4650881e-05
299.000, 2.4384579e-05
300.000, 2.4122002e-05
301.000, 2.3863086e-05
302.000, 2.3607767e-05
303.000, 2.3355984e-05
304.000, 2.3107678e-05
305.000, 2.2862789e-05
306.000, 2.2621260e-05
307.000, 2.2383034e-05
308.000, 2.2148056e-05
309.000, 2.1916271e-05
310.000, 2.1687626e-05
311.000, 2.1462069e-05
312.000, 2.1239548e-05
313.000, 2.1020015e-05
314.000, 2.0803418e-05
315.000, 2.0589711e-05
316.000, 2.0378845e-05
317.000, 2.0170775e-05
318.000, 1.9965455e-05
319.000, 1.9762841e-05
320.000, 1.9562887e-05
321.000, 1.9365553e-05
322.000, 1.9170795e-05
323.000, 1.8978573e-05
324.000, 1.8788846e-05
325.000, 1.8601573e-05
326.000, 1.8416717e-05
327.000, 1.8234238e-05
328.000, 1.8054100e-05
329.000, 1.7876266e-05
330.000, 1.7700699e-05
331.000, 1.7527363e-05
332.000, 1.7356225e-05
333.000, 1.7187249e-05
334.000, 1.7020403e-05
335.000, 1.6855654e-05
336.000, 1.6692968e-05
337.000, 1.6532315e-05
338.000, 1.6373663e-05
339.000, 1.6216982e-05
340.000, 1.6062241e-05
341.000, 1.5909411e-05
342.000, 1.5758464e-05
343.000, 1.5609370e-05
344.000, 1.5462101e-05
345.000, 1.5316631e-05
346.000, 1.5172933e-05
347.000, 1.5030979e-05
348.000, 1.4890745e-05
349.000, 1.4752203e-05
350.000, 1.4615330e-05
351.000, 1.4480100e-05
352.000, 1.4346490e-05
353.000, 1.4214476e-05
354.000, 1.4084033e-05
355.000, 1.3955140e-05
356.000, 1.3827774e-05
357.000, 1.3701912e-05
358.000, 1.3577532e-05
359.000, 1.3454614e-05
360.000, 1.3333136e-05
361.000, 1.3213077e-05
362.000, 1.3094418e-05
363.000, 1.2977138e-05
364.000, 1.2861217e-05
365.000, 1.2746636e-05
366.000, 1.2633376e-05
367.000, 1.2521419e-05
368.000, 1.2410745e-05
369.000, 1.2301338e-05
370.000, 1.2193179e-05
371.000, 1.2086250e-05
372.000, 1.1980535e-05
373.000, 1.1876017e-05
374.000, 1.1772678e-05
375.000, 1.1670503e-05
376.000, 1.1569476e-05
377.000, 1.1469581e-05
378.000, 1.1370801e-05
379.000, 1.1273123e-05
380.000, 1.1176531e-05
381.000, 1.1081009e-05
382.000, 1.0986544e-05
383.000, 1.0893121e-05
384.000, 1.0800726e-05
385.000, 1.0709345e-05
386.000, 1.0618965e-05
387.000, 1.0529571e-05
388.000, 1.0441152e-05
389.000, 1.0353693e-05
390.000, 1.0267182e-05
391.000, 1.0181607e-05
392.000, 1.0096954e-05
393.000, 1.0013213e-05
394.000, 9.9303698e-06
395.000, 9.8484136e-06
396.000, 9.7673327e-06
397.000, 9.6871156e-06
398.000, 9.6077510e-06
399.000, 9.5292277e-06
400.000, 9.4515348e-06
401.000, 9.3746616e-06
402.000, 9.2985973e-06
403.000, 9.2233317e-06
404.000, 9.1488543e-06
405.000, 9.0751551e-06
406.000, 9.0022241e-06
407.000, 8.9300515e-06
408.000, 8.8586275e-06
409.000, 8.7879427e-06
410.000, 8.7179877e-06
411.000, 8.6487532e-06
412.000, 8.5802301e-06
413.000, 8.5124094e-06
414.000, 8.4452824e-06
415.000, 8.3788402e-06
416.000, 8.3130744e-06
417.000, 8.2479765e-06
418.000, 8.1835382e-06
419.000, 8.1197512e-06
420.000, 8.0566075e-06
421.000, 7.9940991e-06
422.000, 7.9322182e-06
423.000, 7.8709570e-06
424.000, 7.8103080e-06
425.000, 7.7502636e-06
426.000, 7.6908165e-06
427.000, 7.6319593e-06
428.000, 7.5736849e-06
429.000, 7.5159861e-06
430.000, 7.4588561e-06
431.000, 7.4022878e-06
432.000, 7.3462747e-06
433.000, 7.2908099e-06
434.000, 7.2358868e-06
435.000, 7.1814991e-06
436.000, 7.1276402e-06
437.000, 7.0743039e-06
438.000, 7.0214840e-06
439.000, 6.9691743e-06
440.000, 6.9173688e-06
441.000, 6.8660614e-06
442.000, 6.8152464e-06
443.000, 6.7649180e-06
444.000, 6.7150703e-06
445.000, 6.6656979e-06
446.000, 6.6167950e-06
447.000, 6.5683563e-06
448.000, 6.5203764e-06
449.000, 6.4728498e-06
450.000, 6.4257714e-06
451.000, 6.3791360e-06
452.000, 6.3329384e-06
453.000, 6.2871737e-06
454.000, 6.2418368e-06
455.000, 6.1969227e-06
456.000, 6.1524268e-06
457.000, 6.1083442e-06
458.000, 6.0646702e-06
459.000, 6.0214002e-06
460.000, 5.9785295e-06
461.000, 5.9360537e-06
462.000, 5.8939682e-06
463.000, 5.8522687e-06
464.000, 5.8109509e-06
465.000, 5.7700104e-06
466.000, 5.7294431e-06
467.000, 5.6892447e-06
468.000, 5.6494111e-06
469.000, 5.6099384e-06
470.000, 5.5708224e-06
471.000, 5.5320591e-06
472.000, 5.4936448e-06
473.000, 5.4555756e-06
474.000, 5.4178476e-06
475.000, 5.3804571e-06
476.000, 5.3434004e-06
477.000, 5.3066738e-06
478.000, 5.2702737e-06
479.000, 5.2341967e-06
480.000, 5.1984390e-06
481.000, 5.1629974e-06
482.000, 5.1278683e-06
483.000, 5.0930483e-06
484.000, 5.0585343e-06
485.000, 5.0243227e-06
486.000, 4.9904104e-06
487.000, 4.9567942e-06
488.000, 4.9234709e-06
489.000, 4.8904374e-06
490.000, 4.8576905e-06
491.000, 4.8252273e-06
492.000, 4.7930447e-06
493.000, 4.7611397e-06
494.000, 4.7295095e-06
495.000, 4.6981510e-06
496.000, 4.6670614e-06
497.000, 4.6362380e-06
498.000, 4.6056778e-06
499.000, 4.5753782e-06
500.000, 4.5453365e-06
501.000, 4.5155498e-06
502.000, 4.4860157e-06
503.000, 4.4567313e-06
504.000, 4.4276943e-06
505.000, 4.3989019e-06
506.000, 4.3703517e-06
507.000, 4.3420411e-06
508.000, 4.3139678e-06
509.000, 4.2861292e-06
510.000, 4.2585229e-06
511.000, 4.2311467e-06
512.000, 4.2039980e-06
513.000, 4.1770746e-06
514.000, 4.1503743e-06
515.000, 4.1238947e-06
516.000, 4.0976336e-06
517.000, 4.0715887e-06
518.000, 4.0457580e-06
519.000, 4.0201392e-06
520.000, 3.9947303e-06
521.000, 3.9695290e-06
522.000, 3.9445333e-06
523.000, 3.9197412e-06
524.000, 3.8951507e-06
525.000, 3.8707596e-06
526.000, 3.8465661e-06
527.000, 3.8225682e-06
528.000, 3.7987638e-06
529.000, 3.7751512e-06
530.000, 3.7517284e-06
531.000, 3.7284936e-06
532.000, 3.7054449e-06
533.000, 3.6825804e-06
534.000, 3.6598984e-06
535.000, 3.6373970e-06
536.000, 3.6150746e-06
537.000, 3.5929293e-06
538.000, 3.5709595e-06
539.000, 3.5491634e-06
540.000, 3.5275393e-06
541.000, 3.5060857e-06
542.000, 3.4848007e-06
543.000, 3.4636829e-06
544.000, 3.4427306e-06
545.000, 3.4219421e-06
546.000, 3.4013161e-06
547.000, 3.3808507e-06
548.000, 3.3605447e-06
549.000, 3.3403963e-06
550.000, 3.3204042e-06
551.000, 3.3005668e-06
552.000, 3.2808827e-06
553.000, 3.2613503e-06
554.000, 3.2419684e-06
555.000, 3.2227354e-06
556.000, 3.2036499e-06
557.000, 3.1847107e-06
558.000, 3.1659162e-06
559.000, 3.1472651e-06
560.000, 3.1287561e-06
561.000, 3.1103879e-06
562.000, 3.0921591e-06
563.000, 3.0740685e-06
564.000, 3.0561147e-06
565.000, 3.0382966e-06
566.000, 3.0206127e-06
567.000, 3.0030620e-06
568.000, 2.9856431e-06
569.000, 2.9683549e-06
570.000, 2.9511961e-06
571.000, 2.9341656e-06
572.000, 2.9172622e-06
573.000, 2.9004847e-06
574.000, 2.8838319e-06
575.000, 2.8673028e-06
576.000, 2.8508962e-06
577.000, 2.8346110e-06
578.000, 2.8184461e-06
579.000, 2.8024003e-06
580.000, 2.7864727e-06
581.000, 2.7706622e-06
582.000, 2.7549676e-06
583.000, 2.7393880e-06
584.000, 2.7239223e-06
585.000, 2.7085696e-06
586.000, 2.6933287e-06
587.000, 2.6781987e-06
588.000, 2.6631786e-06
589.000, 2.6482674e-06
590.000, 2.6334642e-06
591.000, 2.6187680e-06
592.000, 2.6041778e-06
593.000, 2.5896927e-06
594.000, 2.5753118e-06
595.000, 2.5610341e-06
596.000, 2.5468588e-06
597.000, 2.5327850e-06
598.000, 2.5188117e-06
599.000, 2.5049381e-06
600.000, 2.4911632e-06
601.000, 2.4774864e-06
602.000, 2.4639066e-06
603.000, 2.4504230e-06
604.000, 2.4370349e-06
605.000, 2.4237413e-06
606.000, 2.4105415e-06
607.000, 2.3974347e-06
608.000, 2.3844199e-06
609.000, 2.3714966e-06
610.000, 2.3586638e-06
611.000, 2.3459207e-06
612.000, 2.3332667e-06
613.000, 2.3207010e-06
614.000, 2.3082227e-06
615.000, 2.2958312e-06
616.000, 2.2835257e-06
617.000, 2.2713054e-06
618.000, 2.2591698e-06
619.000, 2.2471179e-06
620.000, 2.2351492e-06
621.000, 2.2232629e-06
622.000, 2.2114583e-06
623.000, 2.1997348e-06
624.000, 2.1880916e-06
625.000, 2.1765280e-06
626.000, 2.1650435e-06
627.000, 2.1536374e-06
628.000, 2.1423089e-06
629.000, 2.1310575e-06
630.000, 2.1198824e-06
631.000, 2.1087832e-06
632.000, 2.0977590e-06
633.000, 2.0868094e-06
634.000, 2.0759336e-06
635.000, 2.0651312e-06
636.000, 2.0544014e-06
637.000, 2.0437437e-06
638.000, 2.0331574e-06
639.000, 2.0226421e-06
640.000, 2.0121971e-06
641.000, 2.0018218e-06
642.000, 1.9915156e-06
643.000, 1.9812781e-06
644.000, 1.9711086e-06
645.000, 1.9610065e-06
646.000, 1.9509715e-06
647.000, 1.9410028e-06
648.000, 1.9310999e-06
649.000, 1.9212624e-06
650.000, 1.9114896e-06
651.000, 1.9017811e-06
652.000, 1.8921364e-06
653.000, 1.8825549e-06
654.000, 1.8730361e-06
655.000, 1.8635795e-06
656.000, 1.8541847e-06
657.000, 1.8448511e-06
658.000, 1.8355782e-06
659.000, 1.8263656e-06
660.000, 1.8172127e-06
661.000, 1.8081192e-06
662.000, 1.7990845e-06
663.000, 1.7901081e-06
664.000, 1.7811896e-06
665.000, 1.7723286e-06
666.000, 1.7635245e-06
667.000, 1.7547770e-06
668.000, 1.7460856e-06
669.000, 1.7374499e-06
670.000, 1.7288693e-06
671.000, 1.7203435e-06
672.000, 1.7118721e-06
673.000, 1.7034546e-06
674.000, 1.6950906e-06
675.000, 1.6867797e-06
676.000, 1.6785215e-06
677.000, 1.6703155e-06
678.000, 1.6621614e-06
679.000, 1.6540587e-06
680.000, 1.6460071e-06
681.000, 1.6380062e-06
682.000, 1.6300555e-06
683.000, 1.6221548e-06
684.000, 1.6143035e-06
685.000, 1.6065014e-06
686.000, 1.5987479e-06
687.000, 1.5910429e-06
688.000, 1.5833859e-06
689.000, 1.5757765e-06
690.000, 1.5682144e-06
691.000, 1.5606991e-06
692.000, 1.5532305e-06
693.000, 1.5458080e-06
694.000, 1.5384314e-06
695.000, 1.5311003e-06
696.000, 1.5238143e-06
697.000, 1.5165732e-06
698.000, 1.5093765e-06
699.000, 1.5022240e-06
700.000, 1.4951153e-06
701.000, 1.4880501e-06
702.000, 1.4810280e-06
703.000, 1.4740488e-06
704.000, 1.4671120e-06
705.000, 1.4602175e-06
706.000, 1.4533649e-06
707.000, 1.4465538e-06
708.000, 1.4397840e-06
709.000, 1.4330551e-06
710.000, 1.4263669e-06
711.000, 1.4197190e-06
712.000, 1.4131111e-06
713.000, 1.4065431e-06
714.000, 1.4000145e-06
715.000, 1.3935250e-06
716.000, 1.3870744e-06
717.000, 1.3806625e-06
718.000, 1.3742888e-06
719.000, 1.3679532e-06
720.000, 1.3616553e-06
721.000, 1.3553949e-06
722.000, 1.3491717e-06
723.000, 1.3429854e-06
724.000, 1.3368358e-06
725.000, 1.3307226e-06
726.000, 1.3246455e-06
727.000, 1.3186043e-06
728.000, 1.3125987e-06
729.000, 1.3066285e-06
730.000, 1.3006933e-06
731.000, 1.2947930e-06
732.000, 1.2889273e-06
733.000, 1.2830960e-06
734.000, 1.2772987e-06
735.000, 1.2715353e-06
736.000, 1.2658055e-06
737.000, 1.2601091e-06
738.000, 1.2544458e-06
739.000, 1.2488154e-06
740.000, 1.2432177e-06
741.000, 1.2376524e-06
742.000, 1.2321193e-06
743.000, 1.2266181e-06
744.000, 1.2211487e-06
745.000, 1.2157109e-06
746.000, 1.2103043e-06
747.000, 1.2049288e-06
748.000, 1.1995842e-06
749.000, 1.1942702e-06
750.000, 1.1889866e-06
751.000, 1.1837332e-06
752.000, 1.1785099e-06
753.000, 1.1733163e-06
754.000, 1.1681523e-06
755.000, 1.1630177e-06
756.000, 1.1579122e-06
757.000, 1.1528357e-06
758.000, 1.1477880e-06
759.000, 1.1427688e-06
760.000, 1.1377780e-06
761.000, 1.1328154e-06
762.000, 1.1278808e-06
763.000, 1.1229739e-06
764.000, 1.1180946e-06
765.000, 1.1132427e-06
766.000, 1.1084181e-06
767.000, 1.1036204e-06
768.000, 1.0988496e-06
769.000, 1.0941054e-06
770.000, 1.0893878e-06
771.000, 1.0846964e-06
772.000, 1.0800311e-06
773.000, 1.0753917e-06
774.000, 1.0707781e-06
775.000, 1.0661901e-06
776.000, 1.0616275e-06
777.000, 1.0570901e-06
778.000, 1.0525778e-06
779.000, 1.0480904e-06
780.000, 1.0436277e-06
781.000, 1.0391895e-06
782.000, 1.0347758e-06
783.000, 1.0303862e-06
784.000, 1.0260208e-06
785.000, 1.0216792e-06
786.000, 1.0173614e-06
787.000, 1.0130671e-06
788.000, 1.0087963e-06
789.000, 1.0045488e-06
790.000, 1.0003244e-06
791.000, 9.9612288e-07
792.000, 9.9194421e-07
793.000, 9.8778819e-07
794.000, 9.8365467e-07
795.000, 9.7954351e-07
796.000, 9.7545455e-07
797.000, 9.7138765e-07
798.000, 9.6734266e-07
799.000, 9.6331944e-07
800.000, 9.5931784e-07
801.000, 9.5533772e-07
802.000, 9.5137894e-07
803.000, 9.4744136e-07
804.000, 9.4352484e-07
805.000, 9.3962924e-07
806.000, 9.3575443e-07
807.000, 9.3190027e-07
808.000, 9.2806662e-07
809.000, 9.2425335e-07
810.000, 9.2046032e-07
811.000, 9.1668742e-07
812.000, 9.1293449e-07
813.000, 9.0920142e-07
814.000, 9.0548808e-07
815.000, 9.0179434e-07
816.000, 8.9812006e-07
817.000, 8.9446513e-07
818.000, 8.9082943e-07
819.000, 8.8721281e-07
820.000, 8.8361517e-07
821.000, 8.8003639e-07
822.000, 8.7647633e-07
823.000, 8.7293488e-07
824.000, 8.6941193e-07
825.000, 8.6590734e-07
826.000, 8.6242101e-07
827.000, 8.5895282e-07
828.000, 8.5550266e-07
829.000, 8.5207039e-07
830.000, 8.4865593e-07
831.000, 8.4525914e-07
832.000, 8.4187992e-07
833.000, 8.3851816e-07
834.000, 8.3517375e-07
835.000, 8.3184657e-07
836.000, 8.2853652e-07
837.000, 8.2524349e-07
838.000, 8.2196737e-07
839.000, 8.1870805e-07
840.000, 8.1546544e-07
841.000, 8.1223942e-07
842.000, 8.0902989e-07
843.000, 8.0583675e-07
844.000, 8.0265990e-07
845.000, 7.9949922e-07
846.000, 7.9635463e-07
847.000, 7.9322602e-07
848.000, 7.9011330e-07
849.000, 7.8701635e-07
850.000, 7.8393510e-07
851.000, 7.8086942e-07
852.000, 7.7781924e-07
853.000, 7.7478446e-07
854.000, 7.7176497e-07
855.000, 7.6876069e-07
856.000, 7.6577152e-07
857.000, 7.6279737e-07
858.000, 7.5983814e-07
859.000, 7.5689375e-07
860.000, 7.5396410e-07
861.000, 7.5104910e-07
862.000, 7.4814867e-07
863.000, 7.4526270e-07
864.000, 7.4239113e-07
865.000, 7.3953384e-07
866.000, 7.3669077e-07
867.000, 7.3386182e-07
868.000, 7.3104690e-07
869.000, 7.2824594e-07
870.000, 7.2545884e-07
871.000, 7.2268553e-07
872.000, 7.1992591e-07
873.000, 7.1717991e-07
874.000, 7.1444744e-07
875.000, 7.1172842e-07
876.000, 7.0902278e-07
877.000, 7.0633042e-07
878.000, 7.0365127e-07
879.000, 7.0098525e-07
880.000, 6.9833229e-07
881.000, 6.9569229e-07
882.000, 6.9306519e-07
883.000, 6.9045091e-07
884.000, 6.8784937e-07
885.000, 6.8526050e-07
886.000, 6.8268421e-07
887.000, 6.8012044e-07
888.000, 6.7756911e-07
889.000, 6.7503014e-07
890.000, 6.7250347e-07
891.000, 6.6998902e-07
892.000, 6.6748671e-07
893.000, 6.6499648e-07
894.000, 6.6251825e-07
895.000, 6.6005195e-07
896.000, 6.5759752e-07
897.000, 6.5515487e-07
898.000, 6.5272395e-07
899.000, 6.5030469e-07
900.000, 6.4789700e-07
901.000, 6.4550084e-07
902.000, 6.4311613e-07
903.000, 6.4074279e-07
904.000, 6.3838078e-07
905.000, 6.3603001e-07
906.000, 6.3369043e-07
907.000, 6.3136196e-07
908.000, 6.2904455e-07
909.000, 6.2673813e-07
910.000, 6.2444264e-07
911.000, 6.2215800e-07
912.000, 6.1988417e-07
913.000, 6.1762107e-07
914.000, 6.1536865e-07
915.000, 6.1312684e-07
916.000, 6.1089558e-07
917.000, 6.0867481e-07
918.000, 6.0646448e-07
919.000, 6.0426451e-07
920.000, 6.0207485e-07
921.000, 5.9989544e-07
922.000, 5.9772623e-07
923.000, 5.9556715e-07
924.000, 5.9341814e-07
925.000, 5.9127916e-07
926.000, 5.8915013e-07
927.000, 5.8703101e-07
928.000, 5.8492174e-07
929.000, 5.8282225e-07
930.000, 5.8073250e-07
931.000, 5.7865244e-07
932.000, 5.7658199e-07
933.000, 5.7452112e-07
934.000, 5.7246977e-07
935.000, 5.7042788e-07
936.000, 5.6839539e-07
937.000, 5.6637226e-07
938.000, 5.6435844e-07
939.000, 5.6235387e-07
940.000, 5.6035849e-07
941.000, 5.5837226e-07
942.000, 5.5639513e-07
943.000, 5.5442704e-07
944.000, 5.5246794e-07
945.000, 5.5051779e-07
946.000, 5.4857653e-07
947.000, 5.4664412e-07
948.000, 5.4472049e-07
949.000, 5.4280562e-07
950.000, 5.4089944e-07
951.000, 5.3900190e-07
952.000, 5.3711297e-07
953.000, 5.3523259e-07
954.000, 5.3336071e-07
955.000, 5.3149729e-07
956.000, 5.2964228e-07
957.000, 5.2779563e-07
958.000, 5.2595730e-07
959.000, 5.2412725e-07
960.000, 5.2230542e-07
961.000, 5.2049177e-07
962.000, 5.1868625e-07
963.000, 5.1688883e-07
964.000, 5.1509945e-07
965.000, 5.1331808e-07
966.000, 5.1154466e-07
967.000, 5.0977916e-07
968.000, 5.0802153e-07
969.000, 5.0627173e-07
970.000, 5.0452971e-07
971.000, 5.0279544e-07
972.000, 5.0106887e-07
973.000, 4.9934995e-07
974.000, 4.9763866e-07
975.000, 4.9593494e-07
976.000, 4.9423876e-07
977.000, 4.9255007e-07
978.000, 4.9086883e-07
979.000, 4.8919501e-07
980.000, 4.8752856e-07
981.000, 4.8586944e-07
982.000, 4.8421762e-07
983.000, 4.8257305e-07
984.000, 4.8093569e-07
985.000, 4.7930552e-07
986.000, 4.7768248e-07
987.000, 4.7606654e-07
988.000, 4.7445766e-07
989.000, 4.7285580e-07
990.000, 4.7126094e-07
991.000, 4.6967302e-07
992.000, 4.6809201e-07
993.000, 4.6651788e-07
994.000, 4.6495058e-07
995.000, 4.6339009e-07
996.000, 4.6183636e-07
997.000, 4.6028936e-07
998.000, 4.5874906e-07
999.000, 4.5721541e-07
1000.00, 4.5568839e-07
